#YY  MM DD hh mm WDIR WSPD GST  WVHT   DPD   APD MWD   PRES  ATMP  WTMP  DEWP  VIS  TIDE
#yr  mo dy hr mn degT m/s  m/s     m   sec   sec deg    hPa  degC  degC  degC  nmi    ft
2012 12 31 23 50 337  1.2  2.1  2.12 17.39  9.31 309 1024.7  11.0  12.2 999.0 99.0 99.00
2013 01 01 00 50 268  0.2  0.9  2.04 17.39  9.48 303 1024.6  10.4  12.1 999.0 99.0 99.00
2013 01 01 01 50  28  1.2  1.8  1.92 17.39  8.84 290 1024.8  10.5  12.0 999.0 99.0 99.00
2013 01 01 02 50 350  2.8  5.4  1.90 17.39  9.04 293 1025.0  10.9  12.0 999.0 99.0 99.00
2013 01 01 03 50 332  3.2  4.6  2.40 19.05 10.97 298 1024.9  11.0  12.0 999.0 99.0 99.00
2013 01 01 04 50 331  2.5  3.4  2.59 19.05 11.37 287 1024.8  11.0  11.9 999.0 99.0 99.00
2013 01 01 05 50 353  2.1  2.7  2.39 17.39 10.69 291 1025.0  11.0  11.9 999.0 99.0 99.00
2013 01 01 06 50 342  0.4  1.1  2.29 17.39 10.70 297 1024.6  10.8  11.9 999.0 99.0 99.00
2013 01 01 07 50 286  0.6  1.6  2.25 17.39 10.95 293 1024.6  10.7  12.0 999.0 99.0 99.00
2013 01 01 08 50 195  2.1  2.8  2.65 17.39 12.46 303 1023.6  10.8  11.9 999.0 99.0 99.00
2013 01 01 09 50 351  1.5  2.2  2.24 16.00 11.74 308 1024.1  10.9  12.0 999.0 99.0 99.00
2013 01 01 10 50 219  2.5  3.0  2.46 16.00 12.60 294 1023.2  10.9  11.9 999.0 99.0 99.00
2013 01 01 11 50 305  4.3  5.5  2.34 16.00 12.16 297 1023.4  11.3  11.9 999.0 99.0 99.00
2013 01 01 12 50 323  5.3  6.1  2.56 16.00 12.37 298 1023.3  11.3  11.9 999.0 99.0 99.00
2013 01 01 13 50 357  5.3  6.4  2.44 16.00 11.45 297 1023.2  11.1  11.9 999.0 99.0 99.00
2013 01 01 14 50  32  5.1  6.8  2.48 16.00 11.13 304 1023.3  10.6  11.9 999.0 99.0 99.00
2013 01 01 15 50  37  6.8  8.3  2.67 16.00 10.46 304 1023.7   9.5  11.9 999.0 99.0 99.00
2013 01 01 16 50  52  5.5  6.8  3.20 16.00 11.64 307 1023.7   9.5  12.0 999.0 99.0 99.00
2013 01 01 17 50  40  7.2  8.5  3.40 16.00 11.29 293 1024.3   9.1  12.0 999.0 99.0 99.00
2013 01 01 18 50  44  6.4  7.7  3.27 16.00 10.33 292 1024.2   9.0  12.0 999.0 99.0 99.00
2013 01 01 19 50  39  5.8  8.3  2.83 17.39 10.31 300 1023.6   9.1  12.0 999.0 99.0 99.00
2013 01 01 20 50  31  6.5  8.4  2.79 16.00 10.43 300 1023.2   9.5  12.1 999.0 99.0 99.00
2013 01 01 21 50  36  8.7 11.1  2.63 16.00  9.13 307 1022.9  10.0  12.1 999.0 99.0 99.00
2013 01 01 22 50  39  9.0 11.1  2.65 13.79  9.21 294 1022.9  10.6  12.2 999.0 99.0 99.00
2013 01 01 23 50  45  7.8  9.7  2.23 17.39  7.87 299 1022.9  11.0  12.2 999.0 99.0 99.00
2013 01 02 00 50  55  8.8 11.1  2.59 16.00  8.98 304 1022.8  11.3  12.2 999.0 99.0 99.00
2013 01 02 01 50  52  8.0 10.5  2.45 16.00  8.55 298 1022.9  11.3  12.2 999.0 99.0 99.00
2013 01 02 02 50  79  7.1  9.2  2.33 16.00  9.09 312 1023.0  11.2  12.2 999.0 99.0 99.00
2013 01 02 03 50  75  6.5  8.5  2.51 14.81 10.13 304 1023.4  11.2  12.2 999.0 99.0 99.00
2013 01 02 04 50  64  6.1  7.8  2.35 14.81  9.62 318 1023.4  11.3  12.2 999.0 99.0 99.00
2013 01 02 05 50  84  7.2  8.9  2.91 14.81 11.06 301 1023.3  11.3  12.2 999.0 99.0 99.00
2013 01 02 06 50  95  3.7  5.3  2.62 14.81 11.38 309 1023.6  11.3  12.1 999.0 99.0 99.00
2013 01 02 07 50  97  1.3  2.4  2.58 13.79 11.86 291 1023.4  11.2  12.2 999.0 99.0 99.00
2013 01 02 08 50  29  0.9  2.1  2.54 13.79 12.06 289 1023.1  11.2  12.3 999.0 99.0 99.00
2013 01 02 09 50  23  2.7  3.8  2.15 14.81 11.20 286 1022.5  11.6  12.3 999.0 99.0 99.00
2013 01 02 10 50  62  1.5  2.8  2.38 13.79 11.29 298 1022.4  11.4  12.3 999.0 99.0 99.00
2013 01 02 11 50  95  0.8  1.9  2.32 13.79 10.89 295 1022.2  11.1  12.2 999.0 99.0 99.00
2013 01 02 12 50  68  3.5  4.7  1.77 14.81  9.38 306 1021.9  11.2  12.2 999.0 99.0 99.00
2013 01 02 13 50  57  4.2  5.2  1.93 16.00  9.15 293 1021.6  11.1  12.2 999.0 99.0 99.00
2013 01 02 14 50  94  3.9  5.2  2.11 13.79  8.70 303 1021.6  11.2  12.2 999.0 99.0 99.00
2013 01 02 15 50  89  3.8  5.1  1.85 12.90  8.55 298 1021.8  11.1  12.2 999.0 99.0 99.00
2013 01 02 16 50  95  4.6  5.5  2.05 16.00  9.26 289 1022.4  11.2  12.3 999.0 99.0 99.00
2013 01 02 17 50 102  3.2  4.4  2.10 16.00  9.53 287 1023.0  11.5  12.4 999.0 99.0 99.00
2013 01 02 18 50 118  2.2  3.4  2.01 16.00  9.15 293 1023.1  11.6  12.5 999.0 99.0 99.00
2013 01 02 19 50  74  1.7  2.5  1.75 13.79  8.72 271 1022.5  11.7  12.6 999.0 99.0 99.00
2013 01 02 20 50  63  1.9  2.7  2.07 16.00 10.39 285 1021.7  11.6  12.7 999.0 99.0 99.00
2013 01 02 21 50  45  2.1  2.9  1.72 16.00  9.46 303 1020.9  12.1  12.7 999.0 99.0 99.00
2013 01 02 22 50  37  2.3  3.2  2.01 16.00  9.89 285 1020.6  12.4  12.6 999.0 99.0 99.00
2013 01 02 23 50  11  1.5  1.9  2.05 16.00  9.90 289 1020.3  12.8  12.6 999.0 99.0 99.00
2013 01 03 00 50 324  0.6  1.3  2.00 16.00 10.09 277 1020.4  12.4  12.6 999.0 99.0 99.00
2013 01 03 01 50  68  0.4  1.2  1.91 14.81 10.00 301 1020.5  12.1  12.5 999.0 99.0 99.00
2013 01 03 02 50 276  2.7  3.4  1.95 14.81 10.79 287 1020.9  12.3  12.5 999.0 99.0 99.00
2013 01 03 03 50 274  3.2  4.7  2.08 14.81 11.02 289 1020.9  12.2  12.7 999.0 99.0 99.00
2013 01 03 04 50 272  2.9  4.0  1.75 14.81 10.15 264 1020.9  12.3  12.7 999.0 99.0 99.00
2013 01 03 05 50 285  1.6  2.3  1.99 14.81 11.96 282 1021.1  12.0  12.6 999.0 99.0 99.00
2013 01 03 06 50 306  1.3  2.1  1.66 14.81 11.21 283 1021.2  11.9  12.6 999.0 99.0 99.00
2013 01 03 07 50 278  2.5  3.5  1.79 13.79 11.30 279 1021.3  11.9  12.6 999.0 99.0 99.00
2013 01 03 08 50 325  2.6  3.2  1.62 16.00 11.58 280 1021.0  11.8  12.6 999.0 99.0 99.00
2013 01 03 09 50  49  2.5  3.2  1.57 16.00 11.76 289 1020.9  11.6  12.6 999.0 99.0 99.00
2013 01 03 10 50  79  3.4  4.5  1.60 14.81 11.73 281 1020.9  11.5  12.6 999.0 99.0 99.00
2013 01 03 11 50 105  3.4  4.4  1.83 16.00 12.22 283 1020.7  11.4  12.6 999.0 99.0 99.00
2013 01 03 12 50 127  1.0  1.7  1.73 14.81 11.31 289 1021.0  11.4  12.5 999.0 99.0 99.00
2013 01 03 13 50 154  0.8  1.6  1.84 13.79 11.61 284 1021.1  11.3  12.5 999.0 99.0 99.00
2013 01 03 14 50  97  2.4  3.4  1.71 13.79 10.70 291 1021.3  11.4  12.5 999.0 99.0 99.00
2013 01 03 15 50 113  2.4  3.3  1.76 14.81 11.41 278 1021.8  11.4  12.4 999.0 99.0 99.00
2013 01 03 16 50 157  0.9  1.9  1.86 14.81 11.34 282 1022.7  12.3  12.4 999.0 99.0 99.00
2013 01 03 17 50 136  1.0  2.1  1.98 14.81 11.26 279 1023.3  12.6  12.6 999.0 99.0 99.00
2013 01 03 18 50 326  0.2  0.9  2.02 13.79 11.15 294 1023.7  12.9  12.5 999.0 99.0 99.00
2013 01 03 19 50 304  1.4  2.4  2.52 14.81 12.13 284 1023.2  12.0  12.9 999.0 99.0 99.00
2013 01 03 20 50 332  2.9  3.7  2.71 13.79 11.84 282 1022.7  12.1  12.9 999.0 99.0 99.00
2013 01 03 21 50   7  3.4  4.3  3.19 12.90 11.11 287 1022.6  11.5  12.8 999.0 99.0 99.00
2013 01 03 22 50  30  4.0  5.1  2.73 14.81 10.50 294 1022.5  12.0  12.8 999.0 99.0 99.00
2013 01 03 23 50 345  2.6  3.8  2.93 13.79 10.21 288 1023.1  12.1  12.8 999.0 99.0 99.00
2013 01 04 00 50 333  4.1  5.3  3.18 12.90 10.42 284 1023.5  12.0  12.8 999.0 99.0 99.00
2013 01 04 01 50 330  4.7  5.8  3.12 13.79  9.95 294 1023.7  12.2  12.8 999.0 99.0 99.00
2013 01 04 02 50 329  4.7  6.0  2.76 13.79  9.80 282 1024.0  12.1  12.7 999.0 99.0 99.00
2013 01 04 03 50 325  5.3  6.4  2.78 14.81  9.78 282 1024.2  11.8  12.8 999.0 99.0 99.00
2013 01 04 04 50 337  4.6  5.6  3.02 13.79 10.37 282 1024.3  11.8  12.9 999.0 99.0 99.00
2013 01 04 05 50 343  5.3  6.4  2.67 13.79  9.99 283 1024.4  11.9  12.9 999.0 99.0 99.00
2013 01 04 06 50 344  4.7  5.7  3.27 13.79 10.47 285 1024.7  11.5  12.7 999.0 99.0 99.00
2013 01 04 07 50 354  5.6  6.6  3.31 13.79 10.86 292 1024.3  11.5  12.7 999.0 99.0 99.00
2013 01 04 08 50 351  5.4  6.3  3.12 12.12 10.22 281 1024.1  11.2  12.8 999.0 99.0 99.00
2013 01 04 09 50 353  6.3  7.1  2.94 12.90 10.30 283 1023.8  11.2  13.0 999.0 99.0 99.00
2013 01 04 10 50 343  6.1  7.3  3.47 12.90 10.40 287 1023.8  11.1  13.0 999.0 99.0 99.00
2013 01 04 11 50 349  7.0  8.1  3.10 12.12  9.82 279 1023.8  10.9  12.9 999.0 99.0 99.00
2013 01 04 12 50 357  7.6  9.1  3.11 12.90  9.35 292 1023.2  10.9  12.9 999.0 99.0 99.00
2013 01 04 13 50 359  7.4  9.0  3.47 12.12  9.65 286 1023.6  10.8  12.9 999.0 99.0 99.00
2013 01 04 14 50  10  7.5  9.4  2.96 12.12  8.86 300 1023.7  10.6  12.9 999.0 99.0 99.00
2013 01 04 15 50  28  6.8  8.3  3.13 12.12  8.74 288 1023.8  10.5  12.9 999.0 99.0 99.00
2013 01 04 16 50  10  4.7  5.8  2.75 10.81  8.30 276 1024.6  11.4  12.9 999.0 99.0 99.00
2013 01 04 17 50  56  4.4  5.5  2.67 12.90  8.58 297 1024.8  11.5  12.9 999.0 99.0 99.00
2013 01 04 18 50  96  2.3  4.0  2.77 11.43  8.92 292 1024.7  12.0  12.9 999.0 99.0 99.00
2013 01 04 19 50 127  2.0  3.4  2.64 11.43  8.83 301 1023.9  12.2  12.9 999.0 99.0 99.00
2013 01 04 20 50 108  1.5  2.7  2.57 12.90  9.03 300 1023.3  12.1  13.0 999.0 99.0 99.00
2013 01 04 21 50  22  3.9  4.8  2.31 12.12  8.89 296 1022.5  11.5  13.1 999.0 99.0 99.00
2013 01 04 22 50  22  3.3  4.2  2.42 10.81  8.97 305 1022.4  12.1  13.0 999.0 99.0 99.00
2013 01 04 23 50  19  4.5  5.4  2.23 13.79  8.65 295 1022.2  12.2  13.0 999.0 99.0 99.00
2013 01 05 00 50  41  2.5  3.4  2.33 10.81  8.68 307 1022.2  12.4  13.0 999.0 99.0 99.00
2013 01 05 01 50 113  1.0  2.0  2.31 12.12  8.60 295 1022.4  12.2  13.0 999.0 99.0 99.00
2013 01 05 02 50  53  0.6  1.6  2.27 12.12  8.87 295 1022.8  12.2  13.0 999.0 99.0 99.00
2013 01 05 03 50  18  3.2  4.1  2.34 12.12  8.72 311 1022.9  12.1  13.0 999.0 99.0 99.00
2013 01 05 04 50  17  3.3  3.9  2.23 12.90  9.15 289 1023.0  11.9  13.1 999.0 99.0 99.00
2013 01 05 05 50  46  1.5  2.3  2.45 12.90  9.45 289 1023.2  11.8  13.1 999.0 99.0 99.00
2013 01 05 06 50 150  2.4  3.6  2.15 13.79  9.11 274 1023.4  12.0  13.1 999.0 99.0 99.00
2013 01 05 07 50 184  3.9  4.8  2.16 11.43  9.21 284 1023.3  12.1  13.1 999.0 99.0 99.00
2013 01 05 08 50 169  4.5  5.6  2.17 13.79  9.68 275 1023.1  11.9  13.1 999.0 99.0 99.00
2013 01 05 09 50 168  4.3  5.4  2.13 10.81  9.39 288 1023.1  11.8  12.7 999.0 99.0 99.00
2013 01 05 10 50 201  4.4  5.4  2.25 13.79  9.42 268 1023.6  11.7  12.7 999.0 99.0 99.00
2013 01 05 11 50 210  5.1  6.2  2.38 13.79  9.44 275 1023.4  11.7  13.1 999.0 99.0 99.00
2013 01 05 12 50 199  4.1  5.2  2.16 11.43  9.07 289 1023.6  11.8  13.1 999.0 99.0 99.00
2013 01 05 13 50 186  5.4  6.3  2.13 12.90  8.66 286 1023.5  12.1  13.1 999.0 99.0 99.00
2013 01 05 14 50 204  4.5  5.4  2.15 13.79  8.44 274 1023.8  12.0  13.0 999.0 99.0 99.00
2013 01 05 15 50 178  4.7  5.9  2.05 13.79  8.29 285 1024.0  12.2  13.0 999.0 99.0 99.00
2013 01 05 16 50 172  6.0  7.1  1.84 10.81  7.74 279 1024.0  12.5  13.1 999.0 99.0 99.00
2013 01 05 17 50 154  8.5 10.4  1.77 12.90  7.14 291 1022.9  12.4  13.0 999.0 99.0 99.00
2013 01 05 18 50 170  7.8  9.7  1.74 12.90  6.58 300 1023.4  12.5  13.1 999.0 99.0 99.00
2013 01 05 19 50 152  7.5  9.0  1.62 12.90  6.44 275 1022.4  11.5  13.1 999.0 99.0 99.00
2013 01 05 20 50 154  8.0  9.4  1.58 12.90  6.15 279 1021.6  11.4  13.1 999.0 99.0 99.00
2013 01 05 21 50 178  9.9 12.2  1.65 12.90  5.70 287 1020.2  11.3  12.9 999.0 99.0 99.00
2013 01 05 22 50 165  9.9 11.6  1.72 12.90  5.61 285 1019.4  10.9  12.8 999.0 99.0 99.00
2013 01 05 23 50 166  9.9 12.6  1.86 12.12  5.66 266 1019.2  10.9  13.0 999.0 99.0 99.00
2013 01 06 00 50 231  6.6  8.3  1.80 11.43  5.28 272 1019.2  11.1  13.0 999.0 99.0 99.00
2013 01 06 01 50 262  6.0  7.3  1.97 12.90  6.38 289 1018.9  11.2  12.9 999.0 99.0 99.00
2013 01 06 02 50 270  7.1  8.8  1.89 12.12  6.24 267 1018.8  11.3  12.8 999.0 99.0 99.00
2013 01 06 03 50 267  6.4  8.3  2.16 12.90  6.83 288 1018.6  11.1  12.7 999.0 99.0 99.00
2013 01 06 04 50 255  7.7  9.4  2.12 13.79  6.76 282 1018.8  11.2  12.5 999.0 99.0 99.00
2013 01 06 05 50 276  5.8  8.6  2.29 13.79  6.71 289 1019.2  10.2  12.4 999.0 99.0 99.00
2013 01 06 06 50 264  9.5 11.5  2.39 11.43  6.26 285 1018.4  10.8  12.4 999.0 99.0 99.00
2013 01 06 07 50 273 11.6 14.2  2.65 13.79  6.19 291 1017.8  10.8  12.5 999.0 99.0 99.00
2013 01 06 08 50 293 14.7 19.0  3.27  7.14  6.36 286 1016.4  10.5  12.5 999.0 99.0 99.00
2013 01 06 09 50 284 13.7 16.4  4.13  8.33  7.21 291 1015.6  10.5  12.6 999.0 99.0 99.00
2013 01 06 10 50   1  7.1  8.8  3.13  8.33  7.00 292 1016.2  11.7  12.5 999.0 99.0 99.00
2013 01 06 11 50  22 11.7 14.1  2.59 12.90  6.55 284 1017.7   9.8  12.5 999.0 99.0 99.00
2013 01 06 12 50 352 11.6 13.5  2.71 12.90  6.33 300 1019.2   9.4  12.4 999.0 99.0 99.00
2013 01 06 13 50   1  6.5  8.2  2.41 12.90  6.58 287 1019.9   9.5  12.4 999.0 99.0 99.00
2013 01 06 14 50 349  7.6  8.9  2.85  8.33  7.27 283 1020.5  10.1  12.4 999.0 99.0 99.00
2013 01 06 15 50 333  4.4  5.5  2.86  9.09  7.69 277 1020.9  10.2  12.4 999.0 99.0 99.00
2013 01 06 16 50 323 10.3 12.1  3.12 14.81  7.96 303 1021.5  11.3  12.3 999.0 99.0 99.00
2013 01 06 17 50 326  9.5 11.6  3.58 14.81  8.12 318 1022.2  11.4  12.5 999.0 99.0 99.00
2013 01 06 18 50 329 10.2 12.1  4.16 14.81  8.34 312 1022.2  11.4  12.6 999.0 99.0 99.00
2013 01 06 19 50 348  8.4 10.4  4.12 14.81  8.56 312 1021.7  10.8  12.6 999.0 99.0 99.00
2013 01 06 20 50 329  9.6 12.6  4.23 14.81  8.68 314 1021.3  10.2  12.6 999.0 99.0 99.00
2013 01 06 21 50 327  8.8 10.5  3.78 14.81  8.26 306 1021.2  10.9  12.7 999.0 99.0 99.00
2013 01 06 22 50 339  8.6 11.2  4.10 14.81  8.72 286 1021.3  11.2  12.7 999.0 99.0 99.00
2013 01 06 23 50 338  9.0 11.1  3.98 13.79  8.49 293 1021.5  11.4  12.6 999.0 99.0 99.00
2013 01 07 00 50 326  9.5 11.3  3.63 13.79  8.04 285 1021.8  11.4  12.6 999.0 99.0 99.00
2013 01 07 01 50 318  9.0 10.9  3.54 14.81  8.23 306 1021.6  11.4  12.5 999.0 99.0 99.00
2013 01 07 02 50 324  8.6 10.3  3.54 13.79  7.95 304 1021.9  11.3  12.4 999.0 99.0 99.00
2013 01 07 03 50 317  8.9 11.2  3.41 12.90  8.06 292 1022.3  11.1  12.4 999.0 99.0 99.00
2013 01 07 04 50 321  8.7 10.4  3.75 13.79  8.57 296 1022.5  11.1  12.3 999.0 99.0 99.00
2013 01 07 05 50 315  9.6 11.4  3.13 13.79  7.59 293 1022.4  11.2  12.3 999.0 99.0 99.00
2013 01 07 06 50 320  9.6 11.2  3.43 13.79  7.83 305 1022.1  11.1  12.3 999.0 99.0 99.00
2013 01 07 07 50 329  9.4 11.1  3.63 13.79  8.28 303 1022.3  11.1  12.3 999.0 99.0 99.00
2013 01 07 08 50 327  9.0 11.2  3.19 13.79  7.50 295 1022.2  11.1  12.3 999.0 99.0 99.00
2013 01 07 09 50 324  9.3 11.0  3.41 12.90  8.04 304 1022.0  11.2  12.3 999.0 99.0 99.00
2013 01 07 10 50 316 11.3 13.2  3.25 12.90  8.01 302 1022.7  11.3  12.3 999.0 99.0 99.00
2013 01 07 11 50 321 10.3 12.5  3.40 13.79  8.16 304 1022.5  11.3  12.3 999.0 99.0 99.00
2013 01 07 12 50 314 11.6 14.3  3.24 13.79  7.83 293 1022.5  11.5  12.3 999.0 99.0 99.00
2013 01 07 13 50 316 10.9 12.8  2.99 12.90  7.89 313 1022.1  11.5  12.3 999.0 99.0 99.00
2013 01 07 14 50 311 11.0 13.5  3.17 13.79  7.92 295 1022.7  11.6  12.3 999.0 99.0 99.00
2013 01 07 15 50 316 10.4 12.5  3.15 14.81  7.89 306 1023.2  11.8  12.4 999.0 99.0 99.00
2013 01 07 16 50 317  9.0 10.6  3.04 14.81  7.71 298 1023.5  11.9  12.4 999.0 99.0 99.00
2013 01 07 17 50 325  7.3  9.0  3.02 12.90  7.56 313 1024.4  12.1  12.4 999.0 99.0 99.00
2013 01 07 18 50 320 10.1 12.5  2.96 14.81  7.57 300 1025.0  12.1  12.4 999.0 99.0 99.00
2013 01 07 19 50 317  9.7 11.8  3.25 13.79  7.91 304 1024.0  12.1  12.4 999.0 99.0 99.00
2013 01 07 20 50 315  8.8 10.7  3.17 12.12  7.31 313 1023.0  12.0  12.4 999.0 99.0 99.00
2013 01 07 21 50 317 10.1 12.2  3.04 12.12  7.30 303 1022.3  12.1  12.3 999.0 99.0 99.00
2013 01 07 22 50 317 10.8 13.7  2.75 12.12  6.91 293 1022.1  12.2  12.4 999.0 99.0 99.00
2013 01 07 23 50 315 10.4 12.6  3.11 12.90  7.17 300 1021.8  12.3  12.5 999.0 99.0 99.00
2013 01 08 00 50 326 10.0 11.7  2.93 12.90  7.05 296 1022.0  12.3  12.4 999.0 99.0 99.00
2013 01 08 01 50 328  9.9 12.2  3.27 13.79  7.35 294 1021.9  12.2  12.4 999.0 99.0 99.00
2013 01 08 02 50 325  9.9 12.3  2.96 13.79  6.90 294 1021.7  12.2  12.4 999.0 99.0 99.00
2013 01 08 03 50 324 10.9 13.1  2.94 12.90  6.87 296 1021.8  12.1  12.4 999.0 99.0 99.00
2013 01 08 04 50 323  9.5 11.7  3.02 12.12  7.09 292 1021.8  12.1  12.4 999.0 99.0 99.00
2013 01 08 05 50 324 10.1 12.2  3.17 12.90  7.33 301 1021.8  12.1  12.4 999.0 99.0 99.00
2013 01 08 06 50 320 10.2 12.6  3.52  7.69  7.34 304 1022.0  12.0  12.4 999.0 99.0 99.00
2013 01 08 07 50 329 10.9 13.3  3.18  8.33  7.05 298 1022.2  11.8  12.4 999.0 99.0 99.00
2013 01 08 08 50 319 10.7 13.5  2.91 11.43  6.73 310 1022.1  11.7  12.4 999.0 99.0 99.00
2013 01 08 09 50 326  9.7 12.1  2.93 10.81  6.88 306 1022.4  11.8  12.4 999.0 99.0 99.00
2013 01 08 10 50 327  9.4 11.5  2.80  7.69  6.81 300 1022.3  11.7  12.3 999.0 99.0 99.00
2013 01 08 11 50 326 10.1 11.6  3.15 10.00  7.29 307 1022.2  11.1  12.3 999.0 99.0 99.00
2013 01 08 12 50 330  9.9 11.8  3.13 11.43  7.32 314 1021.8  11.2  12.3 999.0 99.0 99.00
2013 01 08 13 50 336  9.7 11.7  3.05  9.09  7.18 303 1021.7  11.0  12.3 999.0 99.0 99.00
2013 01 08 14 50 340  9.8 11.7  3.11 10.81  7.21 303 1022.1  11.3  12.3 999.0 99.0 99.00
2013 01 08 15 50 331  8.4 10.4  3.16  9.09  7.12 304 1022.6  11.4  12.3 999.0 99.0 99.00
2013 01 08 16 50 327  9.1 10.6  3.06 12.12  7.36 301 1023.1  11.2  12.3 999.0 99.0 99.00
2013 01 08 17 50 328  8.5 10.2  3.18 10.81  7.43 298 1023.7  11.6  12.3 999.0 99.0 99.00
2013 01 08 18 50 334  8.1 10.0  2.89 12.90  7.22 301 1023.5  11.5  12.3 999.0 99.0 99.00
2013 01 08 19 50 329  8.0 10.0  2.76 12.12  7.11 301 1022.6  11.3  12.3 999.0 99.0 99.00
2013 01 08 20 50 331  7.5  8.9  2.68 12.90  7.09 312 1021.8  11.3  12.3 999.0 99.0 99.00
2013 01 08 21 50 328  6.9  8.1  2.75 12.12  7.48 304 1021.5  11.5  12.2 999.0 99.0 99.00
2013 01 08 22 50 328  8.2  9.8  2.60 12.12  7.33 306 1021.3  11.3  12.2 999.0 99.0 99.00
2013 01 08 23 50 335  7.6  9.0  2.55 12.90  7.33 311 1021.0  11.3  12.2 999.0 99.0 99.00
2013 01 09 00 50 327  8.0  9.4  2.49 12.12  7.46 305 1020.7  10.9  12.2 999.0 99.0 99.00
2013 01 09 01 50 319  8.9 10.4  2.69 13.79  7.79 296 1020.7  10.4  12.2 999.0 99.0 99.00
2013 01 09 02 50 321  7.8  9.3  2.93 12.12  8.16 304 1021.0  10.3  12.1 999.0 99.0 99.00
2013 01 09 03 50 336  7.6  9.2  2.66 14.81  7.60 282 1021.0  10.4  12.1 999.0 99.0 99.00
2013 01 09 04 50 331  7.0  8.3  2.73 10.81  7.87 298 1020.7  10.0  12.1 999.0 99.0 99.00
2013 01 09 05 50 323  6.7  8.4  2.49 12.90  7.90 304 1021.1  10.1  12.1 999.0 99.0 99.00
2013 01 09 06 50 330  5.8  7.5  3.10 13.79  8.58 289 1020.9  10.1  12.1 999.0 99.0 99.00
2013 01 09 07 50 325  5.9  7.4  2.49 13.79  7.55 293 1020.9  10.1  12.1 999.0 99.0 99.00
2013 01 09 08 50 312  6.8  8.7  2.72 10.81  8.25 303 1020.8  10.1  12.1 999.0 99.0 99.00
2013 01 09 09 50 321  6.8  8.2  2.65 12.90  8.29 295 1020.2  10.1  12.1 999.0 99.0 99.00
2013 01 09 10 50 322  7.4  9.6  2.45 12.90  8.02 291 1020.1  10.6  12.0 999.0 99.0 99.00
2013 01 09 11 50 326  6.3  8.0  2.45 12.12  7.98 304 1020.2  10.5  12.0 999.0 99.0 99.00
2013 01 09 12 50 333  4.6  6.0  2.39 12.12  7.73 294 1019.8  10.5  12.0 999.0 99.0 99.00
2013 01 09 13 50 327  6.4  8.6  2.41 11.43  8.12 281 1019.8  10.9  12.0 999.0 99.0 99.00
2013 01 09 14 50 324  6.7  8.9  2.44 12.90  8.32 299 1019.7  11.1  12.0 999.0 99.0 99.00
2013 01 09 15 50 323  7.4  9.4  2.55 12.12  8.35 296 1019.9  11.2  12.0 999.0 99.0 99.00
2013 01 09 16 50 314  6.2  7.8  2.37 12.90  8.06 291 1019.7  11.3  12.0 999.0 99.0 99.00
2013 01 09 17 50 304  6.0  7.8  2.62 12.90  8.83 300 1020.0  11.7  12.0 999.0 99.0 99.00
2013 01 09 18 50 304  3.0  4.9  2.49 12.90  8.77 296 1019.6  11.7  12.0 999.0 99.0 99.00
2013 01 09 19 50 284  3.2  4.4  2.58 14.81  9.09 299 1018.7  11.7  12.0 999.0 99.0 99.00
2013 01 09 20 50 274  4.8  6.1  2.74 14.81  9.95 294 1018.0  11.8  12.1 999.0 99.0 99.00
2013 01 09 21 50 308 10.7 12.2  2.29 14.81  9.00 297 1017.5  10.7  12.0 999.0 99.0 99.00
2013 01 09 22 50 303 11.1 13.6  2.50 13.79  7.56 304 1017.6  10.7  12.0 999.0 99.0 99.00
2013 01 09 23 50 308 12.3 15.7  2.96 13.79  7.39 293 1017.8   9.4  12.0 999.0 99.0 99.00
2013 01 10 00 50 313 10.2 12.2  2.83 13.79  6.75 309 1017.6  10.4  12.0 999.0 99.0 99.00
2013 01 10 01 50 311 12.0 14.2  2.89 13.79  7.02 315 1017.5  10.5  11.9 999.0 99.0 99.00
2013 01 10 02 50 307 11.1 14.5  3.03 12.90  6.91 293 1017.7  10.7  11.9 999.0 99.0 99.00
2013 01 10 03 50 301 10.8 13.1  3.13 13.79  7.03 296 1018.0  10.7  11.9 999.0 99.0 99.00
2013 01 10 04 50 323 12.4 15.8  3.36 13.79  7.36 316 1018.6   9.0  11.9 999.0 99.0 99.00
2013 01 10 05 50 321 10.6 13.7  3.63 13.79  7.60 306 1019.1   9.4  11.8 999.0 99.0 99.00
2013 01 10 06 50 306  8.2 10.7  3.58 12.12  7.42 296 1019.3   9.9  11.8 999.0 99.0 99.00
2013 01 10 07 50 307 10.5 13.2  3.76 12.90  7.86 306 1019.4  10.2  11.8 999.0 99.0 99.00
2013 01 10 08 50 304 10.0 12.9  4.14 12.90  8.27 300 1019.4   9.7  11.8 999.0 99.0 99.00
2013 01 10 09 50 327 10.7 14.0  3.73 13.79  7.79 296 1019.6   8.9  11.8 999.0 99.0 99.00
2013 01 10 10 50 306  7.7 11.3 99.00 99.00 99.00 999 1019.8   9.0  11.8 999.0 99.0 99.00
2013 01 10 11 50 307 10.4 13.6  3.70 10.00  7.68 299 1019.4   9.5  11.8 999.0 99.0 99.00
2013 01 10 12 50 333  9.9 12.1  3.53 12.12  7.69 309 1019.2   8.6  11.7 999.0 99.0 99.00
2013 01 10 13 50 322 11.6 14.2  3.73 10.81  7.75 297 1019.6   8.4  11.7 999.0 99.0 99.00
2013 01 10 14 50 308  9.1 11.2  3.76 12.90  7.71 304 1019.7   8.3  11.8 999.0 99.0 99.00
2013 01 10 15 50 313  9.9 12.0  3.71 12.12  7.82 291 1020.1   8.7  11.7 999.0 99.0 99.00
2013 01 10 16 50 320 10.6 12.9  3.90 10.81  8.02 296 1020.6   8.9  11.7 999.0 99.0 99.00
2013 01 10 17 50 315 11.0 13.1  3.40 11.43  7.56 300 1020.9   9.2  11.7 999.0 99.0 99.00
2013 01 10 18 50 312 11.9 14.0  3.50 10.81  7.49 303 1020.6   9.2  11.8 999.0 99.0 99.00
2013 01 10 19 50 314 12.4 15.6  3.69 12.90  7.56 312 1020.2   9.2  11.8 999.0 99.0 99.00
2013 01 10 20 50 309 11.9 14.8  3.81 11.43  7.56 302 1019.8   9.2  11.8 999.0 99.0 99.00
2013 01 10 21 50 314 12.6 15.4  3.92 12.90  7.45 303 1019.8   9.3  11.8 999.0 99.0 99.00
2013 01 10 22 50 312 12.4 14.7  4.15 10.00  7.70 305 1020.0   9.5  11.8 999.0 99.0 99.00
2013 01 10 23 50 312 13.6 16.0  3.91 12.12  7.29 306 1020.2   9.4  11.8 999.0 99.0 99.00
2013 01 11 00 50 309 13.0 15.8  4.17 12.90  7.62 307 1020.8   9.4  11.8 999.0 99.0 99.00
2013 01 11 01 50 310 15.3 19.0  4.22 10.00  7.44 295 1020.8   9.6  11.8 999.0 99.0 99.00
2013 01 11 02 50 313 14.8 18.2  4.51 11.43  7.74 303 1021.2   9.7  11.8 999.0 99.0 99.00
2013 01 11 03 50 315 14.8 18.3  4.81 12.90  7.79 315 1021.5   9.7  11.8 999.0 99.0 99.00
2013 01 11 04 50 316 13.8 17.2  5.12 12.12  8.25 304 1022.3   9.7  11.9 999.0 99.0 99.00
2013 01 11 05 50 318 13.0 15.9  4.93 13.79  8.26 306 1022.7   9.9  11.9 999.0 99.0 99.00
2013 01 11 06 50 316 13.9 16.7  4.78 11.43  8.18 302 1022.8   9.7  11.9 999.0 99.0 99.00
2013 01 11 07 50 315 14.4 17.0  4.76 12.12  8.14 305 1023.0   9.6  11.8 999.0 99.0 99.00
2013 01 11 08 50 318 13.5 16.2  5.41 12.90  8.62 313 1022.9   9.5  11.8 999.0 99.0 99.00
2013 01 11 09 50 317 15.0 18.4  4.94 12.90  8.41 314 1022.8   9.6  11.8 999.0 99.0 99.00
2013 01 11 10 50 310 12.4 15.5  4.93 10.81  8.33 305 1023.3   9.3  11.8 999.0 99.0 99.00
2013 01 11 11 50 324 12.4 15.3  4.85 12.90  8.30 309 1023.4   9.6  11.8 999.0 99.0 99.00
2013 01 11 12 50 324 12.4 14.6  5.01 12.90  8.56 313 1023.2   9.5  11.8 999.0 99.0 99.00
2013 01 11 13 50 322 12.1 14.7  4.57 10.81  8.26 305 1023.6   9.5  11.7 999.0 99.0 99.00
2013 01 11 14 50 322 10.4 13.4  5.26 12.90  8.76 315 1024.0   9.6  11.7 999.0 99.0 99.00
2013 01 11 15 50 317 10.6 13.1  4.98 12.90  8.64 312 1024.4   9.7  11.7 999.0 99.0 99.00
2013 01 11 16 50 315 10.1 12.9  4.85 11.43  8.65 305 1024.7   9.7  11.7 999.0 99.0 99.00
2013 01 11 17 50 315  9.5 12.0  4.44 13.79  8.35 304 1024.9   9.5  11.7 999.0 99.0 99.00
2013 01 11 18 50 308  9.1 11.5  4.39 13.79  8.56 301 1024.5   9.6  11.7 999.0 99.0 99.00
2013 01 11 19 50 301  8.0 10.5  4.01 13.79  8.57 305 1023.6   9.7  11.7 999.0 99.0 99.00
2013 01 11 20 50 312  8.0 10.8  4.19 12.12  8.68 310 1022.9   9.7  11.7 999.0 99.0 99.00
2013 01 11 21 50 312  8.3 10.2  4.09 12.90  8.80 305 1022.4   9.9  11.7 999.0 99.0 99.00
2013 01 11 22 50 300  8.0 10.1  4.32 12.90  9.22 308 1022.3  10.0  11.7 999.0 99.0 99.00
2013 01 11 23 50 299  8.1  9.9  4.40 12.90  9.25 306 1021.9  10.0  11.6 999.0 99.0 99.00
2013 01 12 00 50 300  7.7  9.5  3.68 12.90  8.42 310 1021.5   9.9  11.6 999.0 99.0 99.00
2013 01 12 01 50 305  8.9 11.4  3.65 12.12  8.61 317 1021.3  10.0  11.6 999.0 99.0 99.00
2013 01 12 02 50 313 10.6 12.4  3.34 12.12  7.70 312 1020.9  10.1  11.6 999.0 99.0 99.00
2013 01 12 03 50 314 11.5 13.8  3.72 12.12  7.93 311 1020.7  10.0  11.6 999.0 99.0 99.00
2013 01 12 04 50 322 12.2 14.7  3.20 12.12  7.13 305 1021.0   9.9  11.6 999.0 99.0 99.00
2013 01 12 05 50 327 12.2 15.0  3.37 12.12  7.21 310 1021.1   9.8  11.6 999.0 99.0 99.00
2013 01 12 06 50 333 11.5 14.0  3.22 12.12  7.11 317 1021.2   9.8  11.6 999.0 99.0 99.00
2013 01 12 07 50 341  9.5 12.0  3.47 12.12  7.29 307 1021.7   9.7  11.6 999.0 99.0 99.00
2013 01 12 08 50 350  7.9  9.8  3.24 11.43  7.55 317 1021.9   9.3  11.6 999.0 99.0 99.00
2013 01 12 09 50 360  5.9  7.1  3.17 12.90  7.52 315 1022.2   9.2  11.6 999.0 99.0 99.00
2013 01 12 10 50 351  4.6  6.0  3.24 11.43  7.87 318 1022.6   8.9  11.6 999.0 99.0 99.00
2013 01 12 11 50 354  4.5  5.8  2.96 10.00  7.71 313 1022.9   8.9  11.7 999.0 99.0 99.00
2013 01 12 12 50 347  4.5  6.2  2.88 11.43  7.88 310 1022.6   8.9  11.7 999.0 99.0 99.00
2013 01 12 13 50 354  5.3  7.3  3.01  9.09  7.87 307 1023.0   9.1  11.7 999.0 99.0 99.00
2013 01 12 14 50 320  7.8  9.6  3.08 12.12  8.07 306 1023.5   9.2  11.7 999.0 99.0 99.00
2013 01 12 15 50 333  7.9  9.8  2.94 12.12  7.32 316 1023.8   9.1  11.6 999.0 99.0 99.00
2013 01 12 16 50 330  7.5  9.3  3.04 11.43  7.74 299 1024.0   9.1  11.6 999.0 99.0 99.00
2013 01 12 17 50 337  6.3  8.4  2.63 11.43  7.04 304 1024.2   9.0  11.6 999.0 99.0 99.00
2013 01 12 18 50 330  7.4  9.1  2.60 10.81  7.21 311 1023.9   8.8  11.6 999.0 99.0 99.00
2013 01 12 19 50 329  6.6  7.9  2.87 10.81  7.64 304 1023.0   8.5  11.6 999.0 99.0 99.00
2013 01 12 20 50 335  4.7  6.2  2.73 11.43  7.37 307 1022.3   8.5  11.6 999.0 99.0 99.00
2013 01 12 21 50 340  4.5  7.8  2.63 10.81  7.72 313 1022.2   8.7  11.7 999.0 99.0 99.00
2013 01 12 22 50 328  5.1  7.5  2.54 10.81  7.66 309 1021.9   8.7  11.7 999.0 99.0 99.00
2013 01 12 23 50 327  7.1  9.0  2.58 10.00  7.76 317 1021.5   9.3  11.7 999.0 99.0 99.00
2013 01 13 00 50 328  7.5  8.8  2.39 10.00  7.19 314 1021.3   9.3  11.7 999.0 99.0 99.00
2013 01 13 01 50 333  8.1  9.9  2.59 10.81  7.11 317 1021.3   9.4  11.7 999.0 99.0 99.00
2013 01 13 02 50 345  7.5  9.1  2.32 10.81  6.93 324 1021.3   9.4  11.7 999.0 99.0 99.00
2013 01 13 03 50  11  5.4  7.1  2.30 10.00  6.95 323 1021.4   9.3  11.7 999.0 99.0 99.00
2013 01 13 04 50   6  4.7  5.8  2.04 10.00  6.81 318 1021.4   9.3  11.7 999.0 99.0 99.00
2013 01 13 05 50  13  3.4  4.5  2.10 10.00  7.12 307 1021.1   9.3  11.7 999.0 99.0 99.00
2013 01 13 06 50  30  3.5  4.7  2.22 10.00  7.36 315 1021.4   9.3  11.7 999.0 99.0 99.00
2013 01 13 07 50  55  3.7  5.1  2.06 10.81  7.41 312 1022.2   9.5  11.7 999.0 99.0 99.00
2013 01 13 08 50  51  5.3  6.3  1.96 10.81  7.32 311 1022.2   9.1  11.6 999.0 99.0 99.00
2013 01 13 09 50  37  5.1  6.1  1.91 10.00  7.15 312 1022.6   8.8  11.6 999.0 99.0 99.00
2013 01 13 10 50  24  5.3  6.3  2.07 10.00  7.26 307 1023.2   8.5  11.6 999.0 99.0 99.00
2013 01 13 11 50  37  5.8  7.1  1.94 10.00  7.02 306 1023.1   8.2  11.7 999.0 99.0 99.00
2013 01 13 12 50  45  5.6  6.6  1.81 10.00  6.83 309 1022.8   8.1  11.6 999.0 99.0 99.00
2013 01 13 13 50  48  5.7  7.0  1.98 10.00  6.91 302 1023.1   8.1  11.6 999.0 99.0 99.00
2013 01 13 14 50  58  6.8  8.2  1.73 10.00  6.59 323 1023.5   8.1  11.6 999.0 99.0 99.00
2013 01 13 15 50  50  6.4  8.0  1.68 10.00  6.56 313 1024.2   8.0  11.5 999.0 99.0 99.00
2013 01 13 16 50  56  7.0  8.4  1.82  9.09  6.86 297 1024.4   7.9  11.5 999.0 99.0 99.00
2013 01 13 17 50  31  5.5  6.4  1.89 10.81  7.16 309 1025.0   8.1  11.5 999.0 99.0 99.00
2013 01 13 18 50  67  2.6  3.8  2.19 10.00  7.67 316 1024.4   8.0  11.5 999.0 99.0 99.00
2013 01 13 19 50  67  2.2  3.0  2.08 10.00  7.81 313 1023.8   8.2  11.6 999.0 99.0 99.00
2013 01 13 20 50  69  2.6  3.7  2.11 10.00  8.03 316 1023.0   8.4  11.6 999.0 99.0 99.00
2013 01 13 21 50  28  1.8  3.2  2.54 10.00  8.45 308 1022.8   8.7  11.7 999.0 99.0 99.00
2013 01 13 22 50 356  2.1  3.2  2.49  9.09  8.17 312 1022.7   8.7  11.8 999.0 99.0 99.00
2013 01 13 23 50 341  2.0  3.8  2.25 10.00  7.96 312 1022.8   8.7  11.8 999.0 99.0 99.00
2013 01 14 00 50 327  3.1  4.1  2.78 10.00  8.07 308 1022.5   8.8  11.6 999.0 99.0 99.00
2013 01 14 01 50 321  4.8  6.1  2.79 10.00  8.17 309 1022.8   8.8  11.6 999.0 99.0 99.00
2013 01 14 02 50 322  6.1  7.5  2.98 10.81  8.16 310 1022.7   9.1  11.6 999.0 99.0 99.00
2013 01 14 03 50 338  7.0  9.0  2.97 10.81  8.02 316 1022.7   9.3  11.6 999.0 99.0 99.00
2013 01 14 04 50 344  7.8  9.3  3.08 10.00  7.93 311 1022.8   9.4  11.6 999.0 99.0 99.00
2013 01 14 05 50 339  8.4 10.3  2.88 10.00  7.33 308 1022.6   9.4  11.6 999.0 99.0 99.00
2013 01 14 06 50   2  7.2  9.2  2.85 10.00  7.56 308 1023.0   9.6  11.6 999.0 99.0 99.00
2013 01 14 07 50  13  5.7  7.2  2.52 10.00  7.43 309 1023.5   9.6  11.5 999.0 99.0 99.00
2013 01 14 08 50  20  5.7  7.0  2.62  9.09  7.48 312 1024.0   9.5  11.5 999.0 99.0 99.00
2013 01 14 09 50  28  7.4  8.8  2.24 10.00  6.84 315 1024.7   9.4  11.5 999.0 99.0 99.00
2013 01 14 10 50  46  7.8  9.5  2.54 10.00  7.27 318 1025.0   9.0  11.5 999.0 99.0 99.00
2013 01 14 11 50  52  8.9 10.5  2.43 10.00  7.22 321 1025.2   8.6  11.5 999.0 99.0 99.00
2013 01 14 12 50  64  8.1 10.0  2.80 10.00  7.24 325 1025.2   8.3  11.5 999.0 99.0 99.00
2013 01 14 13 50  51  8.0  9.3  2.41 10.00  7.02 317 1025.8   8.1  11.5 999.0 99.0 99.00
2013 01 14 14 50  54  7.5  8.9  2.36 10.00  7.04 317 1026.8   8.0  11.5 999.0 99.0 99.00
2013 01 14 15 50  54  7.7  9.4  2.17  9.09  6.98 313 1027.9   7.9  11.5 999.0 99.0 99.00
2013 01 14 16 50  52  5.3  6.6  2.35 10.00  7.48 325 1028.7   7.8  11.5 999.0 99.0 99.00
2013 01 14 17 50  64  8.6 10.4  2.21 10.00  7.11 323 1028.8   8.1  11.5 999.0 99.0 99.00
2013 01 14 18 50  33  7.1  8.7  2.24  9.09  7.14 322 1029.1   7.9  11.5 999.0 99.0 99.00
2013 01 14 19 50  30  8.4 10.2  2.19  9.09  7.03 321 1028.6   8.1  11.5 999.0 99.0 99.00
2013 01 14 20 50  37  7.0  8.7  2.14 10.00  7.12 320 1027.8   8.2  11.5 999.0 99.0 99.00
2013 01 14 21 50  35  7.3  8.5  1.95  9.09  6.93 323 1027.9   9.0  11.5 999.0 99.0 99.00
2013 01 14 22 50  29  5.9  7.2  1.83  9.09  6.98 324 1028.5   9.6  11.5 999.0 99.0 99.00
2013 01 14 23 50  40  5.3  6.3  1.91  9.09  7.32 316 1028.8  10.0  11.5 999.0 99.0 99.00
2013 01 15 00 50  19  4.4  5.6  1.79 12.90  7.58 305 1028.8  10.0  11.6 999.0 99.0 99.00
2013 01 15 01 50 356  4.0  5.6  1.78  8.33  7.55 308 1029.0   9.8  11.5 999.0 99.0 99.00
2013 01 15 02 50 338  3.9  5.4  1.71 12.90  7.62 310 1029.0   9.8  11.5 999.0 99.0 99.00
2013 01 15 03 50 317  3.3  4.3  1.67  9.09  7.42 304 1028.9   9.7  11.5 999.0 99.0 99.00
2013 01 15 04 50 333  4.1  5.0  1.68  8.33  7.42 308 1029.2   9.8  11.5 999.0 99.0 99.00
2013 01 15 05 50 318  4.4  5.6  1.57  9.09  7.52 311 1029.0   9.8  11.5 999.0 99.0 99.00
2013 01 15 06 50 312  3.6  4.6  1.48 12.90  7.49 299 1029.1  10.0  11.5 999.0 99.0 99.00
2013 01 15 07 50 324  3.7  4.6  1.63  8.33  7.69 306 1029.6  10.2  11.5 999.0 99.0 99.00
2013 01 15 08 50 308  2.5  3.4  1.38  9.09  7.35 318 1029.6  10.3  11.5 999.0 99.0 99.00
2013 01 15 09 50 300  2.1  3.1  1.33  8.33  7.35 316 1029.8  10.3  11.4 999.0 99.0 99.00
2013 01 15 10 50 323  0.9  1.5  1.31 12.12  7.50 295 1030.2  10.3  11.4 999.0 99.0 99.00
2013 01 15 11 50  52  0.3  0.8  1.54  8.33  7.64 314 1030.4  10.2  11.5 999.0 99.0 99.00
2013 01 15 12 50 125  0.8  1.5  1.32  8.33  7.06 322 1030.1  10.2  11.4 999.0 99.0 99.00
2013 01 15 13 50 144  2.7  3.7  1.38  8.33  6.94 325 1030.1   9.8  11.4 999.0 99.0 99.00
2013 01 15 14 50 155  3.1  4.1  1.42  9.09  6.83 307 1030.3   9.7  11.4 999.0 99.0 99.00
2013 01 15 15 50 158  2.4  3.4  1.46  7.69  6.73 316 1030.9   9.8  11.4 999.0 99.0 99.00
2013 01 15 16 50 142  2.8  3.8  1.38  7.69  6.71 321 1031.6   9.7  11.4 999.0 99.0 99.00
2013 01 15 17 50 116  2.0  2.7  1.42  8.33  6.98 314 1032.0  10.1  11.5 999.0 99.0 99.00
2013 01 15 18 50 130  1.1  1.9  1.37  8.33  6.86 311 1032.1  10.4  11.6 999.0 99.0 99.00
2013 01 15 19 50  89  1.1  1.8  1.28  7.69  6.94 321 1031.5  10.3  11.7 999.0 99.0 99.00
2013 01 15 20 50 337  0.8  1.4  1.17  7.69  6.87 314 1030.5  10.3  12.0 999.0 99.0 99.00
2013 01 15 21 50 306  2.7  3.5  1.16 12.12  7.00 302 1030.1   9.9  12.2 999.0 99.0 99.00
2013 01 15 22 50 335  3.9  4.8  1.09 14.81  6.85 304 1030.2  10.3  11.9 999.0 99.0 99.00
2013 01 15 23 50 344  3.4  4.1  1.13 12.12  6.99 314 1030.2  10.5  11.8 999.0 99.0 99.00
2013 01 16 00 50   8  5.1  5.9  1.20  7.69  6.59 318 1030.2  10.9  11.9 999.0 99.0 99.00
2013 01 16 01 50  11  5.9  6.9  1.18 14.81  6.74 303 1030.3  10.8  11.6 999.0 99.0 99.00
2013 01 16 02 50  18  6.8  7.6  1.18 13.79  6.12 336 1030.4  10.8  11.5 999.0 99.0 99.00
2013 01 16 03 50  25  6.2  7.1  1.22 13.79  5.95 330 1030.3  10.7  11.5 999.0 99.0 99.00
2013 01 16 04 50  24  6.0  7.1  1.22 13.79  5.97 303 1030.0  10.7  11.5 999.0 99.0 99.00
2013 01 16 05 50 359  5.2  6.0  1.20 13.79  6.22 316 1029.9  10.5  11.5 999.0 99.0 99.00
2013 01 16 06 50   5  6.3  7.6  1.14 13.79  6.23 300 1029.7  10.3  11.4 999.0 99.0 99.00
2013 01 16 07 50  10  6.5  7.6  1.11 13.79  5.84 284 1030.0  10.5  11.4 999.0 99.0 99.00
2013 01 16 08 50   8  6.9  8.0  1.08 13.79  5.87 298 1030.2  10.4  11.4 999.0 99.0 99.00
2013 01 16 09 50  14  6.8  7.8  1.16 13.79  5.51 279 1030.0   9.7  11.4 999.0 99.0 99.00
2013 01 16 10 50  21  7.7  9.0  1.17 13.79  5.54 289 1029.8   9.3  11.4 999.0 99.0 99.00
2013 01 16 11 50  28  7.5  8.5  1.16 13.79  5.13 291 1029.6   9.1  11.4 999.0 99.0 99.00
2013 01 16 12 50  23  6.6  7.7  1.07 12.90  5.03 273 1029.3   8.9  11.4 999.0 99.0 99.00
2013 01 16 13 50  28  6.8  8.0  1.04 13.79  5.22 282 1028.9   8.5  11.4 999.0 99.0 99.00
2013 01 16 14 50  30  5.8  6.7  1.07 14.81  5.25 319 1029.0   8.7  11.4 999.0 99.0 99.00
2013 01 16 15 50  46  4.7  5.9  1.06  7.69  5.24 314 1029.2   9.0  11.3 999.0 99.0 99.00
2013 01 16 16 50  36  4.6  5.4  1.11 14.81  5.62 343 1029.4   9.4  11.3 999.0 99.0 99.00
2013 01 16 17 50  29  4.6  5.2  1.12 12.90  5.84 289 1029.6   9.5  11.3 999.0 99.0 99.00
2013 01 16 18 50  11  6.1  7.1  1.01 13.79  5.61 290 1028.9   9.4  11.4 999.0 99.0 99.00
2013 01 16 19 50  18  5.4  6.3  1.07 14.81  5.84 307 1028.0   9.6  11.4 999.0 99.0 99.00
2013 01 16 20 50  23  6.6  7.7  0.98 13.79  5.30 317 1026.6  10.3  11.5 999.0 99.0 99.00
2013 01 16 21 50  25  6.2  7.4  1.07 14.81  5.61 319 1026.1  10.8  11.5 999.0 99.0 99.00
2013 01 16 22 50  12  6.5  7.5  1.01 14.81  5.45 294 1025.7  11.4  11.5 999.0 99.0 99.00
2013 01 16 23 50   9  6.6  7.8  1.07 12.12  5.51 254 1025.7  11.6  11.5 999.0 99.0 99.00
2013 01 17 00 50 358  4.7  6.0  1.08 12.90  5.56 293 1025.7  11.8  11.5 999.0 99.0 99.00
2013 01 17 01 50 341  5.9  6.9  1.06 13.79  5.73 308 1025.4  11.4  11.5 999.0 99.0 99.00
2013 01 17 02 50 346  6.3  7.3  1.01 13.79  5.70 305 1025.3  10.9  11.4 999.0 99.0 99.00
2013 01 17 03 50 346  6.7  7.9  1.10 12.90  6.12 307 1025.0  11.2  11.4 999.0 99.0 99.00
2013 01 17 04 50 349  6.2  7.5  0.99 13.79  5.90 321 1024.7  11.2  11.4 999.0 99.0 99.00
2013 01 17 05 50 360  6.0  7.0  1.00 12.90  5.46 296 1024.3  11.3  11.4 999.0 99.0 99.00
2013 01 17 06 50   3  5.5  6.5  1.04 12.12  5.38 282 1024.2  11.2  11.4 999.0 99.0 99.00
2013 01 17 07 50   1  6.8  8.0  1.00 13.79  5.06 309 1024.0  11.2  11.3 999.0 99.0 99.00
2013 01 17 08 50 351  6.6  7.7  0.98 12.90  5.06 311 1023.9  11.0  11.4 999.0 99.0 99.00
2013 01 17 09 50 359  7.6  8.6  1.01 12.90  5.18 314 1023.4  11.0  11.4 999.0 99.0 99.00
2013 01 17 10 50  20  7.8  9.4  1.03 12.90  5.07 300 1023.0  11.4  11.3 999.0 99.0 99.00
2013 01 17 11 50  23  7.6  9.0  1.00 12.90  4.56 286 1022.6  11.0  11.3 999.0 99.0 99.00
2013 01 17 12 50  17  8.2  9.8  1.02 12.90  4.73 290 1022.2  11.1  11.3 999.0 99.0 99.00
2013 01 17 13 50  30  6.9  8.2  1.03 12.90  4.74 260 1022.0  11.2  11.3 999.0 99.0 99.00
2013 01 17 14 50  25  5.5  6.9  1.05 12.12  4.76 282 1022.1  11.0  11.3 999.0 99.0 99.00
2013 01 17 15 50  27  6.1  7.3  1.09 12.90  4.97 289 1022.5  11.6  11.3 999.0 99.0 99.00
2013 01 17 16 50  38  8.0  9.0  1.11 14.81  5.03 293 1022.8  11.9  11.3 999.0 99.0 99.00
2013 01 17 17 50  38  5.7  6.7  1.13 16.00  5.07 302 1023.2  12.1  11.4 999.0 99.0 99.00
2013 01 17 18 50  59  4.1  4.9  1.01 13.79  4.92 289 1022.9  12.3  11.4 999.0 99.0 99.00
2013 01 17 19 50 130  1.1  1.6  1.08 12.90  5.28 287 1022.0  12.3  11.5 999.0 99.0 99.00
2013 01 17 20 50  40  2.5  3.0  1.08 12.90  5.80 284 1021.4  12.4  11.7 999.0 99.0 99.00
2013 01 17 21 50  25  2.3  2.8  1.08 12.90  6.88 293 1020.8  12.6  11.8 999.0 99.0 99.00
2013 01 17 22 50  58  2.0  3.3  0.96 12.90  6.23 288 1020.6  13.5  11.8 999.0 99.0 99.00
2013 01 17 23 50  23  3.8  4.4  0.98 12.90  6.20 290 1020.3  13.4  11.8 999.0 99.0 99.00
2013 01 18 00 50  18  3.8  4.4  0.98 14.81  6.52 289 1020.3  13.2  11.7 999.0 99.0 99.00
2013 01 18 01 50 340  4.4  5.3  0.99 12.90  6.34 270 1020.6  13.0  11.6 999.0 99.0 99.00
2013 01 18 02 50 340  5.5  6.6  0.95 14.81  5.79 300 1020.6  11.8  11.5 999.0 99.0 99.00
2013 01 18 03 50 333  5.3  6.6  1.06 14.81  5.89 288 1020.6  12.2  11.5 999.0 99.0 99.00
2013 01 18 04 50 340  4.9  5.7  1.00 14.81  5.70 298 1020.6  12.3  11.5 999.0 99.0 99.00
2013 01 18 05 50   3  4.0  4.6  0.99 14.81  6.20 288 1020.7  12.3  11.5 999.0 99.0 99.00
2013 01 18 06 50  19  4.2  5.1  0.98 12.90  5.71 289 1020.7  12.1  11.4 999.0 99.0 99.00
2013 01 18 07 50  32  4.1  4.9  0.99 13.79  5.16 302 1020.9  12.0  11.4 999.0 99.0 99.00
2013 01 18 08 50  26  2.6  3.1  1.11 13.79  5.70 285 1020.9  11.7  11.4 999.0 99.0 99.00
2013 01 18 09 50  57  3.1  3.5  1.08 13.79  6.00 288 1021.0  11.7  11.3 999.0 99.0 99.00
2013 01 18 10 50  32  3.3  3.9  1.00 13.79  5.62 295 1020.7  11.7  11.4 999.0 99.0 99.00
2013 01 18 11 50  42  2.9  3.5  1.09 13.79  6.82 295 1020.5  11.7  11.4 999.0 99.0 99.00
2013 01 18 12 50  38  3.9  4.8  0.88 13.79  6.26 267 1020.4  11.6  11.4 999.0 99.0 99.00
2013 01 18 13 50  41  3.5  4.1  1.12 13.79  6.28 295 1020.3  11.4  11.4 999.0 99.0 99.00
2013 01 18 14 50  37  3.7  4.3  1.03 12.90  6.32 293 1020.6  11.6  11.4 999.0 99.0 99.00
2013 01 18 15 50  35  1.8  2.4  1.01 13.79  5.95 318 1021.0  12.2  11.3 999.0 99.0 99.00
2013 01 18 16 50  29  2.9  3.5  1.15 13.79  6.11 281 1021.8  12.3  11.3 999.0 99.0 99.00
2013 01 18 17 50  39  4.5  5.3  1.14 12.90  6.27 310 1022.3  12.2  11.4 999.0 99.0 99.00
2013 01 18 18 50  75  2.3  2.7  1.05 12.90  5.91 295 1022.2  12.2  11.4 999.0 99.0 99.00
2013 01 18 19 50  98  2.0  2.6  0.92 13.79  5.05 309 1021.7  12.0  11.6 999.0 99.0 99.00
2013 01 18 20 50  25  1.1  1.4  1.04 12.90  6.01 289 1020.9  11.9  11.8 999.0 99.0 99.00
2013 01 18 21 50  94  0.3  0.7  1.02 13.79  6.47 288 1020.5  13.0  12.1 999.0 99.0 99.00
2013 01 18 22 50 182  0.6  1.0  1.06 13.79  6.79 315 1020.4  13.1  12.3 999.0 99.0 99.00
2013 01 18 23 50 220  0.9  1.2  1.18 13.79  7.62 288 1020.2  13.4  12.3 999.0 99.0 99.00
2013 01 19 00 50 263  1.0  1.4  1.02 14.81  7.26 275 1020.2  12.8  12.1 999.0 99.0 99.00
2013 01 19 01 50 281  1.0  1.4  0.95 13.79  7.61 301 1020.2  11.8  11.8 999.0 99.0 99.00
2013 01 19 02 50 340  0.8  1.3  0.94 13.79  7.47 279 1020.4  11.8  11.9 999.0 99.0 99.00
2013 01 19 03 50 345  2.7  3.0  0.90 12.90  7.89 284 1020.4  12.0  11.9 999.0 99.0 99.00
2013 01 19 04 50 323  2.7  3.0  0.99 13.79  8.07 290 1020.6  12.1  11.8 999.0 99.0 99.00
2013 01 19 05 50 320  1.1  1.6  0.97 12.90  8.18 293 1020.7  11.8  11.6 999.0 99.0 99.00
2013 01 19 06 50  44  1.6  2.2  1.06 12.90  9.32 298 1020.8  11.9  11.5 999.0 99.0 99.00
2013 01 19 07 50  61  2.2  2.8  0.94 12.90  8.20 305 1020.7  12.2  11.5 999.0 99.0 99.00
2013 01 19 08 50  33  2.6  3.1  1.41 23.53 11.59 276 1020.6  11.5  11.6 999.0 99.0 99.00
2013 01 19 09 50  64  1.7  2.2  1.14 23.53 10.05 309 1020.9  11.8  11.5 999.0 99.0 99.00
2013 01 19 10 50  30  2.2  2.5  1.25 23.53 10.64 302 1021.0  11.7  11.5 999.0 99.0 99.00
2013 01 19 11 50  32  2.4  3.0  1.66 23.53 12.36 308 1020.9  12.1  11.5 999.0 99.0 99.00
2013 01 19 12 50  32  3.3  3.8  1.45 23.53 11.48 313 1020.8  12.1  11.4 999.0 99.0 99.00
2013 01 19 13 50  60  1.6  2.7  1.62 23.53 11.78 322 1021.0  12.2  11.4 999.0 99.0 99.00
2013 01 19 14 50  29  2.2  2.8  2.10 23.53 13.11 302 1021.3  12.5  11.3 999.0 99.0 99.00
2013 01 19 15 50  30  2.6  3.1  2.54 23.53 14.15 290 1021.6  12.0  11.3 999.0 99.0 99.00
2013 01 19 16 50  22  2.8  3.2  1.80 23.53 10.43 276 1022.0  12.5  11.4 999.0 99.0 99.00
2013 01 19 17 50  40  4.3  5.0  1.70 23.53 10.09 288 1022.7  12.8  11.4 999.0 99.0 99.00
2013 01 19 18 50  53  3.5  4.5  2.44 21.05 11.69 299 1022.7  12.6  11.4 999.0 99.0 99.00
2013 01 19 19 50  32  3.6  4.3  2.50 21.05 11.09 275 1021.9  12.6  11.5 999.0 99.0 99.00
2013 01 19 20 50  28  4.7  5.7  2.69 21.05 12.38 302 1021.2  12.6  11.6 999.0 99.0 99.00
2013 01 19 21 50  33  5.3  6.3  2.29 21.05 10.85 289 1020.8  13.0  11.6 999.0 99.0 99.00
2013 01 19 22 50  68  3.2  4.1  1.99 21.05 11.03 298 1020.8  13.2  11.7 999.0 99.0 99.00
2013 01 19 23 50  39  2.0  2.4  2.61 21.05 12.89 294 1020.7  13.1  11.7 999.0 99.0 99.00
2013 01 20 00 50  40  2.8  3.3  1.87 21.05 11.12 286 1020.6  12.7  11.6 999.0 99.0 99.00
2013 01 20 01 50  43  2.5  3.3  2.45 21.05 13.90 311 1020.6  12.3  11.6 999.0 99.0 99.00
2013 01 20 02 50  44  2.4  2.9  1.92 21.05 11.90 312 1020.8  12.4  11.6 999.0 99.0 99.00
2013 01 20 03 50  25  2.3  2.7  2.21 21.05 13.82 301 1021.3  12.3  11.5 999.0 99.0 99.00
2013 01 20 04 50  34  1.8  2.5  2.17 21.05 14.00 290 1021.7  12.4  11.5 999.0 99.0 99.00
2013 01 20 05 50  35  2.1  2.5  2.35 21.05 15.36 296 1022.0  12.2  11.5 999.0 99.0 99.00
2013 01 20 06 50  44  2.1  2.9  2.34 21.05 14.99 307 1022.1  12.1  11.4 999.0 99.0 99.00
2013 01 20 07 50  62  2.5  3.2  2.32 21.05 14.64 308 1022.1  12.2  11.3 999.0 99.0 99.00
2013 01 20 08 50  52  2.1  2.5  2.25 21.05 15.26 297 1021.9  11.7  11.2 999.0 99.0 99.00
2013 01 20 09 50  58  1.6  2.5  2.34 19.05 14.90 300 1022.1  11.5  11.2 999.0 99.0 99.00
2013 01 20 10 50  39  2.1  2.6  2.49 19.05 15.13 303 1022.1  11.5  11.3 999.0 99.0 99.00
2013 01 20 11 50  28  2.2  2.8  2.42 19.05 15.28 299 1021.9  11.7  11.3 999.0 99.0 99.00
2013 01 20 12 50  20  2.1  2.6  2.31 19.05 15.20 290 1021.4  12.1  11.3 999.0 99.0 99.00
2013 01 20 13 50  35  2.4  2.9  2.55 19.05 14.78 304 1021.2  11.9  11.3 999.0 99.0 99.00
2013 01 20 14 50  31  4.0  4.9  2.43 19.05 13.33 293 1021.2  12.1  11.3 999.0 99.0 99.00
2013 01 20 15 50  44  4.1  4.7  2.41 19.05 12.37 319 1021.2  12.3  11.3 999.0 99.0 99.00
2013 01 20 16 50  45  3.9  4.8  2.13 19.05 11.01 315 1021.6  12.5  11.3 999.0 99.0 99.00
2013 01 20 17 50  46  3.8  4.5  2.16 19.05 11.78 329 1022.0  12.7  11.2 999.0 99.0 99.00
2013 01 20 18 50  63  2.7  3.2  1.84 19.05 10.29 304 1022.0  12.7  11.3 999.0 99.0 99.00
2013 01 20 19 50  52  0.8  1.2  2.01 19.05 10.35 296 1021.4  12.9  11.5 999.0 99.0 99.00
2013 01 20 20 50 331  1.8  2.6  2.34 19.05 12.09 304 1020.4  12.5  11.6 999.0 99.0 99.00
2013 01 20 21 50  29  5.8  6.5  1.98 17.39 10.96 290 1019.5  13.4  11.7 999.0 99.0 99.00
2013 01 20 22 50  29  5.5  6.5  1.83 19.05  9.79 287 1019.6  13.7  11.6 999.0 99.0 99.00
2013 01 20 23 50  24  5.2  6.1  2.29 17.39 11.51 302 1019.9  13.7  11.6 999.0 99.0 99.00
2013 01 21 00 50  21  5.3  6.4  1.96 19.05 10.81 309 1019.6  13.6  11.6 999.0 99.0 99.00
2013 01 21 01 50  25  4.5  5.2  1.84 17.39 11.30 292 1019.9  13.3  11.5 999.0 99.0 99.00
2013 01 21 02 50  42  2.9  3.4  1.96 17.39 11.30 304 1020.1  12.8  11.5 999.0 99.0 99.00
2013 01 21 03 50  37  2.9  3.5  2.26 17.39 12.60 317 1020.3  12.7  11.5 999.0 99.0 99.00
2013 01 21 04 50  30  1.5  2.3  2.19 17.39 12.83 309 1020.7  12.5  11.5 999.0 99.0 99.00
2013 01 21 05 50  43  1.9  2.8  1.72 19.05 11.50 314 1021.0  12.4  11.5 999.0 99.0 99.00
2013 01 21 06 50  35  3.0  3.5  2.14 17.39 13.07 295 1020.9  12.4  11.5 999.0 99.0 99.00
2013 01 21 07 50  44  3.3  3.9  1.96 16.00 12.39 308 1020.4  11.8  11.5 999.0 99.0 99.00
2013 01 21 08 50  36  4.0  4.6  1.97 17.39 12.62 302 1019.6  11.9  11.5 999.0 99.0 99.00
2013 01 21 09 50  58  3.8  5.0  1.99 17.39 12.93 301 1019.3  12.0  11.4 999.0 99.0 99.00
2013 01 21 10 50  20  2.8  3.5  2.50 17.39 13.56 299 1019.2  12.0  11.4 999.0 99.0 99.00
2013 01 21 11 50  39  1.9  2.5  2.07 17.39 12.17 300 1018.8  12.2  11.4 999.0 99.0 99.00
2013 01 21 12 50  42  4.6  5.5  1.92 17.39 10.81 301 1018.1  12.4  11.4 999.0 99.0 99.00
2013 01 21 13 50  44  5.7  6.6  1.79 17.39 10.53 305 1017.8  12.9  11.4 999.0 99.0 99.00
2013 01 21 14 50  38  3.6  4.4  1.96 17.39 10.59 305 1018.8  12.4  11.4 999.0 99.0 99.00
2013 01 21 15 50  25  6.7  8.3  1.86 17.39 10.67 306 1018.8  11.7  11.4 999.0 99.0 99.00
2013 01 21 16 50  32  6.3  7.1  1.97 17.39  9.53 307 1019.6  11.8  11.4 999.0 99.0 99.00
2013 01 21 17 50  30  6.4  7.4  2.11 17.39  8.72 306 1020.1  11.9  11.5 999.0 99.0 99.00
2013 01 21 18 50  50  5.3  6.4  2.23 17.39  9.08 303 1020.7  12.4  11.5 999.0 99.0 99.00
2013 01 21 19 50  39  3.3  3.9  2.32 17.39 10.26 299 1020.4  12.4  11.6 999.0 99.0 99.00
2013 01 21 20 50  42  2.2  2.8  2.12 17.39 10.28 305 1019.7  12.5  11.7 999.0 99.0 99.00
2013 01 21 21 50 119  1.8  2.6  2.07 17.39 11.00 308 1019.3  12.5  11.8 999.0 99.0 99.00
2013 01 21 22 50 102  1.0  1.6  1.91 17.39 11.26 299 1018.8  12.5  12.0 999.0 99.0 99.00
2013 01 21 23 50  13  2.1  2.5  2.00 16.00 11.87 296 1018.1  12.2  11.9 999.0 99.0 99.00
2013 01 22 00 50  15  2.0  2.7  2.01 14.81 11.97 296 1017.7  12.0  11.9 999.0 99.0 99.00
2013 01 22 01 50  21  2.4  3.0  1.88 17.39 12.46 286 1017.7  12.9  11.8 999.0 99.0 99.00
2013 01 22 02 50  51  3.7  4.5  1.81 16.00 11.90 295 1018.2  12.6  11.8 999.0 99.0 99.00
2013 01 22 03 50  40  0.4  1.3  1.85 16.00 10.54 296 1018.6  12.9  11.7 999.0 99.0 99.00
2013 01 22 04 50 277  2.4  3.3  2.02 17.39 11.73 280 1019.0  12.5  11.7 999.0 99.0 99.00
2013 01 22 05 50 332  0.2  0.9  1.59 16.00 10.23 281 1019.2  11.9  11.6 999.0 99.0 99.00
2013 01 22 06 50 141  0.2  0.8  1.97 16.00 11.68 296 1019.3  11.7  11.6 999.0 99.0 99.00
2013 01 22 07 50  78  2.1  2.9  2.08 16.00 12.71 305 1018.7  12.2  11.6 999.0 99.0 99.00
2013 01 22 08 50 101  2.0  2.7  1.68 16.00 11.95 296 1018.2  11.9  11.6 999.0 99.0 99.00
2013 01 22 09 50  51  1.1  1.6  1.48 16.00 11.58 304 1018.0  11.6  11.6 999.0 99.0 99.00
2013 01 22 10 50  23  2.2  2.7  1.63 16.00 11.93 294 1017.8  11.3  11.6 999.0 99.0 99.00
2013 01 22 11 50   8  1.5  1.9  1.77 16.00 11.79 294 1017.5  11.4  11.6 999.0 99.0 99.00
2013 01 22 12 50  37  2.4  3.2  1.63 16.00 10.83 291 1017.1  11.5  11.6 999.0 99.0 99.00
2013 01 22 13 50  42  3.1  3.7  1.49 16.00 10.18 295 1017.1  11.7  11.6 999.0 99.0 99.00
2013 01 22 14 50  64  1.2  1.9  1.65 16.00 10.56 291 1017.5  11.6  11.6 999.0 99.0 99.00
2013 01 22 15 50  98  3.7  4.9  1.81 16.00 10.89 306 1017.1  11.6  11.6 999.0 99.0 99.00
2013 01 22 16 50 116  3.2  4.2  1.56 14.81 10.35 292 1017.5  12.1  11.6 999.0 99.0 99.00
2013 01 22 17 50 197  1.4  1.9  1.59 14.81  9.30 284 1018.2  12.6  11.7 999.0 99.0 99.00
2013 01 22 18 50 360  0.8  1.1  1.75 16.00  9.81 289 1018.8  12.8  11.8 999.0 99.0 99.00
2013 01 22 19 50 110  4.0  4.9  1.62 16.00  8.79 285 1018.1  13.0  11.9 999.0 99.0 99.00
2013 01 22 20 50 100  4.1  5.5  1.77 14.81  9.05 295 1017.0  12.6  11.9 999.0 99.0 99.00
2013 01 22 21 50 179  1.2  1.7  1.82 16.00  9.05 276 1016.8  12.8  11.9 999.0 99.0 99.00
2013 01 22 22 50 174  1.3  2.0  1.88 13.79  9.17 281 1016.3  12.6  12.0 999.0 99.0 99.00
2013 01 22 23 50 155  4.4  5.5  1.76 14.81  9.25 297 1015.9  12.8  11.9 999.0 99.0 99.00
2013 01 23 00 50 155  3.9  4.9  1.62 14.81  9.55 279 1015.7  12.9  11.9 999.0 99.0 99.00
2013 01 23 01 50 145  4.8  6.0  1.70 16.00 10.06 293 1015.4  13.1  11.8 999.0 99.0 99.00
2013 01 23 02 50 160  4.1  5.0  1.60 16.00 10.03 283 1015.9  12.5  11.8 999.0 99.0 99.00
2013 01 23 03 50 140  5.3  6.3  1.44 13.79  9.60 273 1015.6  12.6  11.8 999.0 99.0 99.00
2013 01 23 04 50 151  5.4  6.4  1.73 13.79 10.49 284 1015.9  12.8  11.8 999.0 99.0 99.00
2013 01 23 05 50 160  4.8  5.6 99.00 99.00 99.00 999 1016.4  12.6  11.7 999.0 99.0 99.00
2013 01 23 06 50 155  4.1  5.1  1.74 14.81 10.03 276 1016.5  12.4  11.7 999.0 99.0 99.00
2013 01 23 07 50 137  4.7  6.2  1.51 13.79  9.72 288 1016.6  12.2  11.7 999.0 99.0 99.00
2013 01 23 08 50 143  4.9  6.2  1.55 13.79  9.42 275 1016.0  12.4  11.7 999.0 99.0 99.00
2013 01 23 09 50 148  5.9  7.3  1.87 21.05 10.34 308 1015.8  12.5  11.7 999.0 99.0 99.00
2013 01 23 10 50 153  5.5  7.1  1.59 21.05  8.93 288 1015.2  12.6  11.7 999.0 99.0 99.00
2013 01 23 11 50 160  5.2  6.5  2.06 19.05 10.24 321 1015.1  12.5  11.7 999.0 99.0 99.00
2013 01 23 12 50 157  5.7  6.6  2.03 19.05  9.61 294 1014.0  12.6  11.6 999.0 99.0 99.00
2013 01 23 13 50 152  6.9  8.5  2.41 19.05 10.88 299 1014.1  12.7  11.6 999.0 99.0 99.00
2013 01 23 14 50 164  7.5  9.0  1.92 19.05  9.18 286 1014.8  12.9  11.6 999.0 99.0 99.00
2013 01 23 15 50 150  6.9  8.3  2.20 19.05  9.50 302 1014.8  12.8  11.6 999.0 99.0 99.00
2013 01 23 16 50 146  7.5 99.0 99.00 99.00 99.00 999 1015.1  13.0  11.6 999.0 99.0 99.00
2013 01 23 17 50 139  8.0  9.7  2.19 17.39  8.72 275 1015.4  13.0  11.7 999.0 99.0 99.00
2013 01 23 18 50 152  8.5 10.3  2.58 17.39  9.38 297 1016.2  12.7  11.6 999.0 99.0 99.00
2013 01 23 19 50 154  6.4  9.3 99.00 99.00 99.00 999 1015.9  12.5  11.7 999.0 99.0 99.00
2013 01 23 20 50 153  6.3  7.8  2.78 17.39 10.31 297 1015.5  12.5  11.7 999.0 99.0 99.00
2013 01 23 21 50 197  7.1  8.8  2.42 17.39  9.20 277 1016.5  11.4  11.7 999.0 99.0 99.00
2013 01 23 22 50 188  4.1  4.9  2.62 17.39  9.68 296 1016.4  11.9  11.7 999.0 99.0 99.00
2013 01 23 23 50 137  3.3  4.5  2.29 17.39  9.19 287 1016.9  11.9  11.6 999.0 99.0 99.00
2013 01 24 00 50 114  3.2  4.8  2.48 17.39  9.55 282 1016.8  11.8  11.7 999.0 99.0 99.00
2013 01 24 01 50 129  3.7  4.7  2.40 17.39  9.08 308 1017.5  11.8  11.7 999.0 99.0 99.00
2013 01 24 02 50 139  3.7  4.8  2.62 17.39  9.53 286 1017.8  12.0  11.7 999.0 99.0 99.00
2013 01 24 03 50 138  3.0  4.6  2.77 17.39  9.63 286 1018.0  12.0  11.7 999.0 99.0 99.00
2013 01 24 04 50 132  1.9  2.9  2.70 16.00  9.09 287 1018.2  12.0  11.7 999.0 99.0 99.00
2013 01 24 05 50 198  1.4  1.9  2.89 16.00  9.42 290 1018.0  11.8  11.7 999.0 99.0 99.00
2013 01 24 06 50  71  2.9  6.0  2.76 16.00  8.94 289 1018.5  11.8  11.6 999.0 99.0 99.00
2013 01 24 07 50  37  2.0  3.1  2.78 16.00  9.68 288 1018.4  11.3  11.6 999.0 99.0 99.00
2013 01 24 08 50  27  2.2  3.2  3.05 16.00 10.02 288 1017.8  11.5  11.6 999.0 99.0 99.00
2013 01 24 09 50 325  3.5  4.4  2.70 14.81 10.02 288 1018.3  11.6  11.6 999.0 99.0 99.00
2013 01 24 10 50  17  2.5  3.5  2.85 14.81 10.59 297 1018.5  11.4  11.6 999.0 99.0 99.00
2013 01 24 11 50   2  3.4  4.3  3.03 14.81 10.57 279 1018.5  11.5  11.6 999.0 99.0 99.00
2013 01 24 12 50  16  2.6  3.5  2.67 14.81  9.80 304 1018.4  11.6  11.6 999.0 99.0 99.00
2013 01 24 13 50  22  2.3  3.1  3.32 16.00 10.73 292 1018.5  11.6  11.6 999.0 99.0 99.00
2013 01 24 14 50  27  1.9  2.7  2.94 16.00 10.01 296 1018.9  11.8  11.6 999.0 99.0 99.00
2013 01 24 15 50 340  0.7  1.6  3.15 14.81 10.09 290 1019.3  11.8  11.6 999.0 99.0 99.00
2013 01 24 16 50 328  0.3  1.5  3.43 16.00 10.40 276 1019.7  11.8  11.6 999.0 99.0 99.00
2013 01 24 17 50 349  2.0  2.7  3.10 14.81  9.78 279 1020.7  11.7  11.6 999.0 99.0 99.00
2013 01 24 18 50 357  4.6  5.6  3.24 16.00 10.27 286 1021.1  11.7  11.7 999.0 99.0 99.00
2013 01 24 19 50  34  4.0  5.3  3.58 16.00 10.43 291 1020.6  12.0  11.7 999.0 99.0 99.00
2013 01 24 20 50  31  3.2  4.2  3.34 16.00 10.06 285 1019.9  12.2  11.8 999.0 99.0 99.00
2013 01 24 21 50  59  3.1  4.7  3.13 16.00 10.11 301 1019.5  12.2  11.8 999.0 99.0 99.00
2013 01 24 22 50  60  2.0  3.3  3.01 16.00  9.81 309 1019.6  12.2  11.9 999.0 99.0 99.00
2013 01 24 23 50  13  1.8  2.5  2.89 14.81  9.78 294 1020.0  12.4  11.9 999.0 99.0 99.00
2013 01 25 00 50 350  1.9  2.5  2.97 14.81 10.13 298 1020.5  12.3  11.9 999.0 99.0 99.00
2013 01 25 01 50  15  2.4  3.0  2.79 13.79 10.07 281 1020.6  12.2  11.9 999.0 99.0 99.00
2013 01 25 02 50  31  3.0  3.7  2.68 14.81 10.03 293 1021.0  12.1  11.8 999.0 99.0 99.00
2013 01 25 03 50  19  1.4  2.1  2.68 14.81  9.89 302 1021.6  12.0  11.8 999.0 99.0 99.00
2013 01 25 04 50 309  1.2  2.2  2.78 12.90 10.11 282 1021.6  12.0  11.8 999.0 99.0 99.00
2013 01 25 05 50 345  1.8  2.8  2.52 13.79  9.50 294 1021.5  12.0  11.7 999.0 99.0 99.00
2013 01 25 06 50 346  1.4  1.9  2.81 14.81 10.04 296 1022.1  12.1  11.6 999.0 99.0 99.00
2013 01 25 07 50  34  1.2  2.0  2.81 14.81 10.33 290 1022.2  12.1  11.6 999.0 99.0 99.00
2013 01 25 08 50 271  1.3  2.1  2.50 13.79  9.74 301 1022.1  11.9  11.6 999.0 99.0 99.00
2013 01 25 09 50 291  1.6  2.7  2.53 12.12  9.62 279 1022.3  11.8  11.6 999.0 99.0 99.00
2013 01 25 10 50  40  2.4  3.6  2.58 12.90  9.44 288 1021.7  11.8  11.6 999.0 99.0 99.00
2013 01 25 11 50  34  1.1  2.1  2.46 12.12  9.59 286 1021.3  11.7  11.6 999.0 99.0 99.00
2013 01 25 12 50 341  2.0  2.5  2.66 13.79  9.82 291 1021.3  11.7  11.6 999.0 99.0 99.00
2013 01 25 13 50 348  2.8  3.4  2.34 14.81  8.90 294 1021.1  11.8  11.6 999.0 99.0 99.00
2013 01 25 14 50  27  3.0  4.0  2.43 12.12  9.00 283 1021.1  11.9  11.6 999.0 99.0 99.00
2013 01 25 15 50  16  2.9  3.5  2.31 13.79  8.62 282 1020.8  12.0  11.6 999.0 99.0 99.00
2013 01 25 16 50   5  4.2  5.0  2.09 13.79  8.86 289 1021.0  12.2  11.6 999.0 99.0 99.00
2013 01 25 17 50   8  3.0  3.7  2.00 12.90  8.47 282 1021.2  12.2  11.6 999.0 99.0 99.00
2013 01 25 18 50 356  2.3  2.9  2.16 12.90  9.06 300 1021.3  12.2  11.8 999.0 99.0 99.00
2013 01 25 19 50 321  2.6  3.7  2.02 12.90  9.00 282 1020.9  12.2  11.9 999.0 99.0 99.00
2013 01 25 20 50 340  4.8  5.9  1.97 12.90  9.08 288 1019.8  12.4  11.9 999.0 99.0 99.00
2013 01 25 21 50 309  5.0  6.3  2.27 12.90  9.64 290 1019.6  12.4  11.8 999.0 99.0 99.00
2013 01 25 22 50 326  5.7  7.0  2.12 12.90  9.01 288 1019.3  12.1  11.8 999.0 99.0 99.00
2013 01 25 23 50 324  7.8  9.1  2.05 12.12  7.82 302 1018.5  12.0  11.8 999.0 99.0 99.00
2013 01 26 00 50 328  5.2  6.2  2.12 10.81  8.23 282 1018.0  11.9  11.7 999.0 99.0 99.00
2013 01 26 01 50 328  5.4  6.8  2.14 12.90  8.71 289 1018.0  11.8  11.6 999.0 99.0 99.00
2013 01 26 02 50 324  6.5  8.0  2.05 12.12  8.22 299 1018.5  11.8  11.6 999.0 99.0 99.00
2013 01 26 03 50 317  7.9 10.2  2.19 13.79  8.07 292 1018.6  11.8  11.6 999.0 99.0 99.00
2013 01 26 04 50 327  4.8  6.2  2.27 12.12  8.14 291 1018.5  11.8  11.6 999.0 99.0 99.00
2013 01 26 05 50 315  5.9  7.1  2.33 12.12  8.58 287 1018.6  11.8  11.6 999.0 99.0 99.00
2013 01 26 06 50 313  6.7  8.2  2.17 11.43  7.93 290 1018.7  11.7  11.6 999.0 99.0 99.00
2013 01 26 07 50 307  7.1  8.5  2.19 11.43  8.46 293 1018.4  11.7  11.6 999.0 99.0 99.00
2013 01 26 08 50 307  7.8  9.7  2.39 17.39  8.70 293 1017.9  11.6  11.6 999.0 99.0 99.00
2013 01 26 09 50 316  7.1  8.7  2.59 17.39  9.00 291 1017.9  10.9  11.7 999.0 99.0 99.00
2013 01 26 10 50 326  6.3  7.5  2.40 17.39  8.52 281 1017.8  11.1  11.6 999.0 99.0 99.00
2013 01 26 11 50 305  6.7  8.8  2.21 17.39  7.94 311 1017.4  11.3  11.6 999.0 99.0 99.00
2013 01 26 12 50 299  6.0  7.4  2.25 17.39  8.08 302 1017.2  11.5  11.6 999.0 99.0 99.00
2013 01 26 13 50 317  8.0 10.0  2.23 17.39  7.85 282 1016.9  11.2  11.6 999.0 99.0 99.00
2013 01 26 14 50 310  7.9  9.3  2.26 17.39  7.94 290 1017.3  10.9  11.6 999.0 99.0 99.00
2013 01 26 15 50 313  8.3 10.3  2.47 17.39  7.97 295 1017.5  11.2  11.5 999.0 99.0 99.00
2013 01 26 16 50 313  9.2 11.3  2.84 16.00  8.22 296 1017.7  11.1  11.6 999.0 99.0 99.00
2013 01 26 17 50 311  9.5 11.7  2.49 16.00  7.20 299 1018.2  11.1  11.6 999.0 99.0 99.00
2013 01 26 18 50 313  8.4 10.8  3.21 17.39  7.96 293 1018.6  11.2  11.6 999.0 99.0 99.00
2013 01 26 19 50 312  7.4  8.9  2.70 17.39  7.25 300 1018.2  11.2  11.6 999.0 99.0 99.00
2013 01 26 20 50 310  8.2  9.6  2.59 17.39  7.78 299 1017.8  11.1  11.6 999.0 99.0 99.00
2013 01 26 21 50 305  8.5 10.3  2.74 16.00  7.79 303 1017.6  11.1  11.6 999.0 99.0 99.00
2013 01 26 22 50 301  8.9 10.9  2.75 17.39  7.62 289 1017.8  11.1  11.6 999.0 99.0 99.00
2013 01 26 23 50 307  9.9 12.1  2.69 17.39  7.25 283 1017.6  11.1  11.7 999.0 99.0 99.00
2013 01 27 00 50 300  9.1 11.0  2.57 17.39  7.25 302 1017.7  10.9  11.7 999.0 99.0 99.00
2013 01 27 01 50 305  9.4 10.9  2.91 16.00  7.59 300 1018.1  10.9  11.7 999.0 99.0 99.00
2013 01 27 02 50 300  9.0 11.3  2.84 14.81  7.47 286 1018.6  10.7  11.7 999.0 99.0 99.00
2013 01 27 03 50 301  9.0 10.9  3.00 16.00  7.68 292 1018.9  10.7  11.6 999.0 99.0 99.00
2013 01 27 04 50 297  8.8 10.3  3.24 16.00  8.14 307 1019.0  10.7  11.6 999.0 99.0 99.00
2013 01 27 05 50 304  8.8 10.8  3.10 16.00  8.09 286 1019.2  10.5  11.6 999.0 99.0 99.00
2013 01 27 06 50 306  8.9 10.6  3.26 14.81  7.95 286 1019.4  10.5  11.6 999.0 99.0 99.00
2013 01 27 07 50 302  9.8 11.4  3.14 16.00  7.84 280 1019.4  10.5  11.6 999.0 99.0 99.00
2013 01 27 08 50 310  9.6 12.2  3.19 14.81  7.97 295 1019.3  10.5  11.5 999.0 99.0 99.00
2013 01 27 09 50 303 10.1 12.1  3.26 14.81  8.05 294 1019.5  10.2  11.5 999.0 99.0 99.00
2013 01 27 10 50 316  9.7 12.1  3.15 14.81  7.85 295 1019.7  10.1  11.5 999.0 99.0 99.00
2013 01 27 11 50 314 11.0 13.3  3.25 13.79  7.72 308 1019.6  10.1  11.5 999.0 99.0 99.00
2013 01 27 12 50 313 10.9 13.3  3.15 14.81  7.39 300 1019.4  10.1  11.5 999.0 99.0 99.00
2013 01 27 13 50 318 12.5 14.2  3.38 13.79  7.47 298 1019.3  10.1  11.5 999.0 99.0 99.00
2013 01 27 14 50 310 12.6 15.5  3.43 14.81  7.44 309 1019.7  10.1  11.5 999.0 99.0 99.00
2013 01 27 15 50 316 13.7 16.9  3.46 12.12  6.92 299 1020.1  10.1  11.5 999.0 99.0 99.00
2013 01 27 16 50 317 12.8 15.0  3.68 14.81  7.39 309 1020.8  10.2  11.4 999.0 99.0 99.00
2013 01 27 17 50 319 10.8 13.6  3.35 12.90  7.00 287 1021.7  10.3  11.4 999.0 99.0 99.00
2013 01 27 18 50 322 11.5 13.6  3.62 14.81  7.25 300 1022.2  10.2  11.4 999.0 99.0 99.00
2013 01 27 19 50 320 12.2 14.7  3.72 12.90  7.36 304 1022.1  10.2  11.4 999.0 99.0 99.00
2013 01 27 20 50 324 11.5 14.2  3.57 13.79  7.24 293 1021.8  10.2  11.4 999.0 99.0 99.00
2013 01 27 21 50 319 11.9 14.7  3.49 12.90  7.07 303 1021.3  10.2  11.4 999.0 99.0 99.00
2013 01 27 22 50 318 12.0 14.4  3.68  8.33  7.01 300 1021.3  10.3  11.4 999.0 99.0 99.00
2013 01 27 23 50 316 12.8 16.1  3.76 13.79  7.33 298 1021.2  10.3  11.4 999.0 99.0 99.00
2013 01 28 00 50 311 13.2 15.7  3.46 10.81  7.07 314 1020.9  10.4  11.4 999.0 99.0 99.00
2013 01 28 01 50 310 13.6 17.5  3.78 12.12  7.27 303 1021.1  10.3  11.4 999.0 99.0 99.00
2013 01 28 02 50 308 13.8 16.6  3.82  9.09  7.08 311 1021.3  10.2  11.4 999.0 99.0 99.00
2013 01 28 03 50 310 13.6 15.8  3.62  9.09  6.95 301 1021.7  10.2  11.3 999.0 99.0 99.00
2013 01 28 04 50 319 12.5 15.0  3.90 13.79  7.24 303 1022.0  10.2  11.3 999.0 99.0 99.00
2013 01 28 05 50 320 11.1 13.7  4.04 12.90  7.45 294 1021.8  10.2  11.3 999.0 99.0 99.00
2013 01 28 06 50 318 11.8 14.9  3.88  9.09  7.06 311 1022.0  10.2  11.3 999.0 99.0 99.00
2013 01 28 07 50 318 12.7 15.3  3.88  8.33  7.13 298 1022.1  10.2  11.3 999.0 99.0 99.00
2013 01 28 08 50 315 12.4 15.3  3.64 13.79  6.92 299 1022.4  10.2  11.3 999.0 99.0 99.00
2013 01 28 09 50 318 12.4 15.9  3.48 12.90  6.70 310 1022.5  10.1  11.2 999.0 99.0 99.00
2013 01 28 10 50 321 12.1 13.8  3.09  7.69  6.39 313 1022.5  10.2  11.2 999.0 99.0 99.00
2013 01 28 11 50 320 11.3 14.1  3.23 12.12  6.79 301 1022.3  10.2  11.2 999.0 99.0 99.00
2013 01 28 12 50 310 11.3 13.7  3.27 12.12  6.73 293 1022.2  10.3  11.2 999.0 99.0 99.00
2013 01 28 13 50 312  9.9 12.3  3.06 12.90  6.96 297 1022.4  10.3  11.2 999.0 99.0 99.00
2013 01 28 14 50 319 11.9 14.6  3.14 12.12  7.02 305 1022.6  10.2  11.2 999.0 99.0 99.00
2013 01 28 15 50 313 12.6 15.7  2.95 12.12  6.68 297 1022.9  10.4  11.2 999.0 99.0 99.00
2013 01 28 16 50 309 13.7 16.3  3.18 12.90  6.62 302 1023.0  10.4  11.2 999.0 99.0 99.00
2013 01 28 17 50 316 13.3 16.5  3.65 12.12  6.88 307 1023.5  10.4  11.2 999.0 99.0 99.00
2013 01 28 18 50 321 12.6 15.7  3.45 12.12  6.99 309 1024.6  10.5  11.2 999.0 99.0 99.00
2013 01 28 19 50 317 12.0 15.2  3.43  7.69  6.83 306 1024.8  10.8  11.2 999.0 99.0 99.00
2013 01 28 20 50 316 12.8 16.1  3.44 12.12  6.86 304 1024.5  10.8  11.2 999.0 99.0 99.00
2013 01 28 21 50 313 13.6 16.2  3.56  7.14  6.84 314 1024.0  10.7  11.2 999.0 99.0 99.00
2013 01 28 22 50 313 13.9 17.1  3.61  9.09  6.99 306 1024.2  10.7  11.2 999.0 99.0 99.00
2013 01 28 23 50 315 13.4 16.6  3.55  8.33  7.02 317 1024.5  10.7  11.2 999.0 99.0 99.00
2013 01 29 00 50 316 13.6 17.0  3.41  8.33  6.77 316 1024.6  10.7  11.2 999.0 99.0 99.00
2013 01 29 01 50 317 13.5 17.1  3.95  9.09  7.03 310 1024.8  10.6  11.2 999.0 99.0 99.00
2013 01 29 02 50 320 13.4 16.2  3.50  9.09  6.81 312 1025.7  10.6  11.2 999.0 99.0 99.00
2013 01 29 03 50 320 11.7 14.1  3.36  8.33  6.73 313 1026.3  10.6  11.2 999.0 99.0 99.00
2013 01 29 04 50 316 12.3 14.6  3.52  7.14  6.50 315 1026.3  10.5  11.1 999.0 99.0 99.00
2013 01 29 05 50 316 12.9 15.6  3.62 11.43  6.79 300 1026.3  10.4  11.1 999.0 99.0 99.00
2013 01 29 06 50 316 11.9 15.2  3.45  9.09  6.56 310 1026.2  10.4  11.0 999.0 99.0 99.00
2013 01 29 07 50 316 13.8 16.5  3.36  8.33  6.69 312 1026.3  10.3  11.0 999.0 99.0 99.00
2013 01 29 08 50 313 14.3 17.3  3.42  9.09  6.70 312 1026.1  10.2  10.9 999.0 99.0 99.00
2013 01 29 09 50 313 13.3 17.3  3.72  9.09  6.84 319 1026.5  10.3  10.9 999.0 99.0 99.00
2013 01 29 10 50 314 14.6 17.7  3.51  9.09  6.67 311 1026.6  10.3  10.9 999.0 99.0 99.00
2013 01 29 11 50 317 14.4 17.4  3.66  8.33  6.88 314 1026.7  10.3  10.9 999.0 99.0 99.00
2013 01 29 12 50 317 14.3 17.2  3.65  9.09  6.77 315 1027.0  10.2  10.9 999.0 99.0 99.00
2013 01 29 13 50 321 14.4 17.5  3.86  9.09  6.95 318 1026.8  10.2  10.9 999.0 99.0 99.00
2013 01 29 14 50 322 13.8 16.8  3.69  7.69  6.75 319 1027.4  10.2  10.9 999.0 99.0 99.00
2013 01 29 15 50 318 12.5 15.4  3.70  8.33  6.90 328 1027.6  10.2  10.9 999.0 99.0 99.00
2013 01 29 16 50 322 14.0 17.4  3.60  9.09  6.77 322 1027.5  10.2  10.9 999.0 99.0 99.00
2013 01 29 17 50 320 14.7 18.0  3.87 10.00  6.93 319 1027.5  10.1  10.8 999.0 99.0 99.00
2013 01 29 18 50 323 13.6 16.4  4.02  8.33  7.08 321 1028.4  10.2  10.8 999.0 99.0 99.00
2013 01 29 19 50 324 12.6 15.1  3.61 10.00  6.83 318 1028.1  10.2  10.8 999.0 99.0 99.00
2013 01 29 20 50 325 13.2 17.0  3.54  8.33  6.93 319 1027.3  10.2  10.8 999.0 99.0 99.00
2013 01 29 21 50 319 12.5 15.6  3.70  8.33  7.07 321 1026.5  10.2  10.8 999.0 99.0 99.00
2013 01 29 22 50 322 12.3 14.8  3.46 10.00  6.96 310 1026.4  10.3  10.8 999.0 99.0 99.00
2013 01 29 23 50 315 13.3 16.0  3.52 10.00  6.95 313 1025.8  10.4  10.8 999.0 99.0 99.00
2013 01 30 00 50 316 12.2 15.8 99.00 99.00 99.00 999 1026.0  10.4  10.8 999.0 99.0 99.00
2013 01 30 01 50 311 13.1 15.3  3.49  8.33  6.75 319 1025.5  10.4  10.8 999.0 99.0 99.00
2013 01 30 02 50 319 12.5 14.9  3.22  9.09  6.58 313 1026.2  10.5  10.8 999.0 99.0 99.00
2013 01 30 03 50 326 11.5 14.0  3.71  9.09  7.03 317 1026.4  10.5  10.8 999.0 99.0 99.00
2013 01 30 04 50 321 11.0 13.8  3.65  9.09  7.11 318 1026.3  10.5  10.8 999.0 99.0 99.00
2013 01 30 05 50 323 10.9 13.2  3.07  9.09  6.79 316 1026.2  10.5  10.8 999.0 99.0 99.00
2013 01 30 06 50 325 10.4 12.6  3.30 10.00  6.99 315 1026.3  10.5  10.8 999.0 99.0 99.00
2013 01 30 07 50 326 10.6 13.2  3.48 10.00  6.98 318 1026.2  10.5  10.8 999.0 99.0 99.00
2013 01 30 08 50 325 10.8 13.1  3.12  9.09  6.80 317 1025.7  10.6  10.8 999.0 99.0 99.00
2013 01 30 09 50 329 10.2 12.0  3.23 10.00  6.96 314 1025.7  10.5  10.8 999.0 99.0 99.00
2013 01 30 10 50 331  8.8 10.7  3.16 10.00  7.19 318 1025.8  10.6  10.8 999.0 99.0 99.00
2013 01 30 11 50 330 10.0 12.0  3.04 10.00  7.05 316 1025.4  10.5  10.8 999.0 99.0 99.00
2013 01 30 12 50 332  9.7 11.6  2.87 10.00  7.10 314 1025.2  10.4  10.8 999.0 99.0 99.00
2013 01 30 13 50 329  9.9 11.8  3.12 10.00  7.33 317 1025.5  10.5  10.8 999.0 99.0 99.00
2013 01 30 14 50 332  8.8  9.9  2.78 10.00  6.83 313 1026.1  10.4  10.8 999.0 99.0 99.00
2013 01 30 15 50 330  8.3 10.3  2.84 10.00  7.14 315 1026.8  10.5  10.8 999.0 99.0 99.00
2013 01 30 16 50 330  7.3  8.7  2.57 10.00  6.93 314 1027.3  10.6  10.8 999.0 99.0 99.00
2013 01 30 17 50 318  8.1  9.6  2.39  8.33  6.81 317 1027.3  10.5  10.8 999.0 99.0 99.00
2013 01 30 18 50 320  6.3  7.8  2.53  9.09  7.08 312 1027.8  10.6  10.9 999.0 99.0 99.00
2013 01 30 19 50 324  5.4  6.9  2.57  9.09  7.36 317 1027.6  10.6  10.9 999.0 99.0 99.00
2013 01 30 20 50 315  4.9  5.9  2.67  9.09  7.43 314 1026.6  10.5  11.0 999.0 99.0 99.00
2013 01 30 21 50 323  4.6  5.6  2.44 10.81  7.59 315 1026.0  10.5  11.1 999.0 99.0 99.00
2013 01 30 22 50 319  4.3  5.5  2.29 10.00  7.36 314 1025.9  10.6  11.2 999.0 99.0 99.00
2013 01 30 23 50 318  4.9  6.3  2.37 10.00  7.71 313 1025.9  10.7  11.1 999.0 99.0 99.00
2013 01 31 00 50 330  5.1  6.5  2.48 10.81  7.67 317 1025.6  10.6  11.1 999.0 99.0 99.00
2013 01 31 01 50 329  6.2  7.5  2.49 10.00  7.39 316 1025.6  10.4  11.0 999.0 99.0 99.00
2013 01 31 02 50 329  5.9  7.1  2.36 10.00  7.19 319 1025.5  10.4  10.9 999.0 99.0 99.00
2013 01 31 03 50 327  5.9  7.1  2.41 10.81  7.45 324 1025.4  10.4  10.9 999.0 99.0 99.00
2013 01 31 04 50 335  4.5  5.3  2.17 10.81  7.29 309 1025.7  10.3  10.8 999.0 99.0 99.00
2013 01 31 05 50 330  4.1  5.0  2.08 10.00  7.34 313 1025.4  10.3  10.8 999.0 99.0 99.00
2013 01 31 06 50 316  4.3  5.1  2.04  9.09  7.61 312 1025.3  10.3  10.8 999.0 99.0 99.00
2013 01 31 07 50 319  4.3  5.2  2.12 10.00  7.68 320 1025.3  10.3  10.9 999.0 99.0 99.00
2013 01 31 08 50 313  4.5  5.3  2.17 10.00  7.94 317 1025.1  10.3  10.9 999.0 99.0 99.00
2013 01 31 09 50 319  3.4  4.3  1.90  9.09  7.91 321 1025.0  10.4  10.9 999.0 99.0 99.00
2013 01 31 10 50 325  4.2  5.1  1.96 10.00  7.66 320 1024.8  10.4  10.8 999.0 99.0 99.00
2013 01 31 11 50 358  2.7  3.5  1.98 10.00  7.68 320 1024.7  10.4  10.9 999.0 99.0 99.00
2013 01 31 12 50 349  2.8  3.4  1.92  9.09  7.75 318 1024.5  10.4  10.9 999.0 99.0 99.00
2013 01 31 13 50 339  4.5  5.4  1.88  8.33  7.26 325 1024.2  10.5  10.9 999.0 99.0 99.00
2013 01 31 14 50 349  6.1  7.2  1.77 10.00  7.12 320 1024.1  10.8  10.9 999.0 99.0 99.00
2013 01 31 15 50 360  5.8  6.9  1.75 14.81  7.28 292 1024.6  10.8  10.9 999.0 99.0 99.00
2013 01 31 16 50   2  6.3  7.4  1.70 10.00  6.72 314 1024.7  11.0  10.9 999.0 99.0 99.00
2013 01 31 17 50   1  6.1  7.0  1.78 13.79  6.73 289 1025.0  10.8  10.9 999.0 99.0 99.00
2013 01 31 18 50   3  6.2  7.1  1.66  9.09  6.42 326 1024.8  11.2  11.0 999.0 99.0 99.00
2013 01 31 19 50   3  3.8  4.5  1.93  9.09  7.43 321 1024.6  11.3  11.0 999.0 99.0 99.00
2013 01 31 20 50   3  3.4  4.0  1.75 14.81  7.53 269 1023.8  11.5  11.1 999.0 99.0 99.00
2013 01 31 21 50 339  3.4  4.0  1.72  9.09  7.45 322 1023.1  12.0  11.2 999.0 99.0 99.00
2013 01 31 22 50 321  5.8  6.9  1.79 13.79  7.72 280 1022.8  11.2  11.2 999.0 99.0 99.00
